sec"	"mA"	"mV
0,653    -0,2353276014328    -299,4619140625
2,023    -0,050018735229969    -293,598724365234
2,996    -0,0251112207770348    -288,186798095703
3,97    -0,0137520469725132    -282,774841308594
4,943    -0,00750543596222997    -277,250305175781
5,917    -0,00344799482263625    -271,913391113281
6,89    -0,000446713587734848    -266,463928222656
7,864    0,00166249123867601    -261,16455078125
8,837    0,00377273466438055    -255,752578735352
9,811    0,00539488019421697    -250,453674316406
10,784    0,00661200890317559    -245,154296875
11,758    0,00782913714647293    -240,080520629883
12,731    0,00888425949960947    -234,593521118164
13,705    0,00953332521021366    -229,594802856445
14,678    0,0105064045637846    -224,257904052734
15,652    0,0113984812051058    -219,034042358398
16,625    0,0118045369163156    -213,810180664063
17,599    0,0124536026269197    -208,69889831543
18,572    0,0128596583381295    -203,512069702148
19,546    0,0135087240487337    -198,476318359375
20,519    0,0138327376917005    -193,251968383789
21,493    0,0141577906906605    -188,178207397461
22,466    0,0148068564012647    -182,99186706543
23,44    0,014887860044837    -177,843063354492
24,413    0,0154559221118689    -172,881866455078
25,387    0,0157799366861582    -167,921142578125
26,361    0,0157799366861582    -162,884902954102
27,334    0,0161049887537956    -157,961700439453
28,308    0,0164290014654398    -152,85041809082
29,281    0,0165910087525845    -147,851699829102
30,255    0,0168350581079721    -142,815444946289
31,228    0,0169160608202219    -137,89225769043
32,202    0,0171590708196163    -132,780960083008
33,175    0,017403120175004    -127,895294189453
34,149    0,0174841228872538    -123,009620666504
35,122    0,0176461301743984    -118,123466491699
36,096    0,0176461301743984    -113,049705505371
37,069    0,0178891401737928    -108,239074707031
38,043    0,0180521868169308    -103,278358459473
39,016    0,0181331895291805    -98,5802993774414
39,99    0,0182951968163252    -93,6195831298828
40,963    0,0183761995285749    -88,9590530395508
41,937    0,0183761995285749    -84,0733795166016
42,91    0,0186202488839626    -79,2252349853516
43,884    0,0187822561711073    -74,4146041870117
44,857    0,0187822561711073    -69,4909286499023
45,831    0,018863258883357    -64,8684005737305
46,804    0,0191062688827515    -59,7946319580078
47,778    0,0191872734576464    -55,1345825195313
48,751    0,0191872734576464    -50,2109069824219
49,725    0,0191872734576464    -45,4002799987793
50,698    0,0194313209503889    -40,4770851135254
51,672    0,0194313209503889    -35,7790298461914
52,645    0,0195933282375336    -31,2690658569336
53,619    0,0195933282375336    -26,5339679718018
54,592    0,0197553355246782    -21,7608642578125
55,566    0,019836338236928    -17,1378536224365
56,539    0,019918380305171    -12,3647499084473
57,513    0,0201613903045654    -7,59164762496948
58,486    0,0202423948794603    -2,93159437179565
59,46    0,0202423948794603    1,91655421257019
60,459    0,0203233975917101    6,50156164169312
61,459    0,0205674469470978    11,3121871948242
62,458    0,0205674469470978    16,0852890014648
63,458    0,0206484496593475    20,7082996368408
64,457    0,0209724642336369    25,405876159668
65,457    0,0210534669458866    30,2540245056152
66,456    0,0212165135890245    35,0646514892578
67,456    0,0212165135890245    39,8377532958984
68,455    0,0212975163012743    44,4982872009277
69,455    0,021459523588419    49,1958618164063
70,455    0,021459523588419    53,8563957214355
71,454    0,0217025335878134    58,6670227050781
72,454    0,0218655783683062    63,327075958252
73,453    0,0219465829432011    68,0251312255859
74,453    0,0221895929425955    72,7982330322266
75,452    0,0223516002297401    77,2706756591797
76,452    0,0227576550096273    81,9687347412109
77,451    0,0230816695839167    86,7793579101563
78,451    0,0234877243638039    91,2893218994141
79,45    0,0234877243638039    95,836799621582
80,45    0,0237307343631983    100,722473144531
81,449    0,0234067216515541    105,194915771484
82,449    0,0236497316509485    110,00553894043
83,448    0,0236497316509485    114,327407836914
84,448    0,0238937810063362    118,950416564941
85,448    0,0244618430733681    123,610466003418
86,447    0,0245428457856178    128,12043762207
87,447    0,0245428457856178    132,592864990234
88,446    0,0247858557850122    137,177871704102
89,446    0,0251919124275446    141,838409423828
90,445    0,0251109078526497    146,4609375
91,445    0,0251919124275446    150,895858764648
92,444    0,025434922426939    155,555908203125
93,444    0,0256779324263334    159,990829467773
94,443    0,0259219817817211    164,613357543945
95,443    0,0260029844939709    169,161315917969
96,442    0,0263280365616083    173,633758544922
97,442    0,0265710484236479    178,105712890625
98,442    0,0266520511358976    182,615676879883
99,441    0,0266520511358976    187,276214599609
100,441    0,0269771032035351    191,560562133789
101,44    0,0271391104906797    196,221084594727
102,44    0,0271391104906797    200,655532836914
103,439    0,0273821204900742    205,278533935547
104,439    0,0275441277772188    209,600402832031
105,438    0,0274631232023239    213,960266113281
106,438    0,027950182557106    218,582809448242
107,437    0,0283562391996384    223,055236816406
108,437    0,0285992491990328    227,377105712891
109,436    0,0281121898442507    231,962600708008
110,436    0,0281931925565004    236,321990966797
111,436    0,0288422591984272    240,906997680664
112,435    0,0288422591984272    245,379425048828
113,435    0,0293293185532093    249,701782226563
114,434    0,0294103212654591    254,061172485352
115,434    0,0298163779079914    258,608642578125
116,433    0,0299783851951361    263,006042480469
117,433    0,0299783851951361    267,365447998047
118,432    0,0302224326878786    271,800354003906
119,432    0,0303844399750233    276,235260009766
120,43    0,0305464472621679    280,519622802734
121,43    0,0307894572615623    284,803955078125
122,429    0,0307084545493126    289,351928710938
123,429    0,0307894572615623    293,823883056641
124,428    0,03103350661695    298,108703613281
125,428    0,0311955120414495    302,468078613281
126,032    0,0210534669458866    302,280487060547
