sec"	"mA"	"mV
0,654    -0,16741868853569    -299,800109863281
2,024    -0,043528076261282    -298,634979248047
2,997    -0,0262473467737436    -297,695465087891
3,971    -0,0189445745199919    -296,981079101563
4,944    -0,0150501793250442    -296,117095947266
5,918    -0,0122109046205878    -295,252624511719
6,891    -0,0101827038452029    -294,500732421875
7,865    -0,00855951942503452    -293,598724365234
8,838    -0,00726138707250357    -292,659210205078
9,812    -0,00636931089684367    -291,869812011719
10,785    -0,00563924154266715    -291,118377685547
11,759    -0,0048281685449183    -290,25390625
12,732    -0,00409706076607108    -289,426971435547
13,706    -0,00385405030101538    -288,449920654297
14,679    -0,00312398094683886    -287,698516845703
15,653    -0,0028809707146138    -286,834045410156
16,626    -0,00247491500340402    -285,969573974609
17,6    -0,00198785588145256    -285,142608642578
18,573    -0,00182584894355386    -284,315673828125
19,547    -0,0015007967595011    -283,564239501953
20,52    -0,00141979334875941    -282,662261962891
21,494    -0,000851730757858604    -281,797790527344
22,467    -0,000608720467425883    -280,933319091797
23,441    -0,000770727347116917    -280,106384277344
24,414    -0,000608720467425883    -279,392486572266
25,388    -0,000284706708043814    -278,565521240234
26,361    -4,06578983529471E-5    -277,776580810547
27,335    0,00012134897406213    -276,949645996094
28,308    0,000283355853753164    -276,047637939453
29,282    0,000202352399355732    -275,371276855469
30,255    0,000364359264494851    -274,393768310547
31,229    0,000446401216322556    -273,679870605469
32,203    0,000446401216322556    -272,777862548828
33,176    0,000689411535859108    -272,025970458984
34,15    0,000851418415550143    -271,048919677734
35,123    0,000932421826291829    -270,37255859375
36,097    0,00101342529524118    -269,545623779297
37,07    0,00109546724706888    -268,794189453125
38,044    0,00101342529524118    -267,929718017578
39,017    0,00141948089003563    -267,027740478516
39,991    0,00133847747929394    -266,238311767578
40,964    0,00141948089003563    -265,373840332031
41,938    0,00158148782793432    -264,659942626953
42,911    0,00190654001198709    -263,908050537109
43,885    0,00158148782793432    -263,156616210938
44,858    0,00166249123867601    -262,292144775391
45,832    0,00174453319050372    -261,315124511719
46,805    0,0018255366012454    -260,67626953125
47,779    0,0018255366012454    -259,69873046875
48,752    0,0018255366012454    -259,059875488281
49,726    0,0018255366012454    -258,082855224609
50,699    0,00190654001198709    -257,293426513672
51,673    0,0018255366012454    -256,579528808594
52,646    0,00206854683347046    -255,752578735352
53,62    0,00198754342272878    -255,113739013672
54,593    0,00190654001198709    -254,023651123047
55,567    0,00223055388778448    -253,422317504883
56,54    0,00223055388778448    -252,595855712891
57,514    0,00231155729852617    -251,693862915039
58,487    0,00206854683347046    -250,791870117188
59,461    0,00239359913393855    -250,228057861328
60,433    0,00214955047704279    -249,326065063477
61,407    0,00231155729852617    -248,46159362793
62,38    0,00247460254468024    -247,672180175781
63,353    0,00255560595542192    -247,108367919922
64,326    0,00271761300973594    -246,20637512207
65,299    0,00247460254468024    -245,229339599609
66,272    0,00247460254468024    -244,628005981445
67,245    0,00255560595542192    -243,763549804688
68,219    0,00279861642047763    -242,974594116211
69,192    0,00271761300973594    -242,110122680664
70,165    0,00287961983121932    -241,43376159668
71,138    0,00263660959899426    -240,644332885742
72,111    0,00271761300973594    -239,779861450195
73,084    0,00255560595542192    -238,877868652344
74,057    0,00271761300973594    -238,126449584961
75,03    0,00263660959899426    -237,299499511719
76,004    0,00263660959899426    -236,472564697266
76,977    0,00247460254468024    -235,833709716797
77,95    0,00271761300973594    -234,819152832031
78,923    0,00271761300973594    -234,067245483398
79,896    0,00271761300973594    -233,202774047852
80,869    0,00271761300973594    -232,526397705078
81,842    0,00271761300973594    -231,624404907227
82,815    0,00271761300973594    -231,023086547852
83,789    0,00279861642047763    -230,12109375
84,762    0,00287961983121932    -229,482238769531
85,735    0,00279861642047763    -228,617767333984
86,708    0,00304266507737339    -227,790817260742
87,681    0,00279861642047763    -227,114440917969
88,654    0,00279861642047763    -226,32502746582
89,627    0,00312366848811507    -225,686172485352
90,6    0,00304266507737339    -224,709136962891
91,574    0,002960623241961    -223,957229614258
92,547    0,00312366848811507    -223,205810546875
93,52    0,00312366848811507    -222,266296386719
94,493    0,00312366848811507    -221,62744140625
95,466    0,00312366848811507    -220,762985229492
96,439    0,002960623241961    -220,011077880859
97,412    0,0032046721316874    -219,146606445313
98,385    0,0032046721316874    -218,432708740234
99,359    0,00312366848811507    -217,681289672852
100,332    0,00336667895317078    -216,929397583008
101,305    0,00312366848811507    -216,21549987793
102,278    0,0032046721316874    -215,388549804688
103,251    0,00328567554242909    -214,636642456055
104,224    0,0032046721316874    -213,734649658203
105,197    0,0032046721316874    -213,095809936523
106,17    0,00328567554242909    -212,41943359375
107,144    0,00336667895317078    -211,479919433594
108,117    0,0032046721316874    -210,690490722656
109,09    0,00336667895317078    -210,051635742188
110,063    0,00336667895317078    -209,074600219727
111,036    0,00328567554242909    -208,398223876953
112,009    0,00328567554242909    -207,571273803711
112,982    0,0032046721316874    -206,819381713867
113,955    0,00336667895317078    -206,067962646484
114,929    0,0032046721316874    -205,278533935547
115,902    0,00336667895317078    -204,677215576172
116,875    0,00336667895317078    -203,77522277832
117,848    0,00352868577465415    -203,136367797852
118,821    0,00328567554242909    -202,159332275391
119,794    0,00352868577465415    -201,520477294922
120,766    0,00336667895317078    -200,61848449707
121,739    0,00336667895317078    -199,942108154297
122,713    0,00352868577465415    -199,265258789063
123,686    0,00336667895317078    -198,363265991211
124,659    0,00336667895317078    -197,686889648438
125,632    0,00336667895317078    -196,784896850586
126,605    0,00352868577465415    -196,183563232422
127,578    0,00312366848811507    -195,244049072266
128,551    0,00360968918539584    -194,567672729492
129,524    0,00336667895317078    -193,890823364258
130,498    0,00352868577465415    -193,17692565918
131,471    0,00344768236391246    -192,463027954102
132,444    0,00344768236391246    -191,598556518555
133,417    0,00336667895317078    -190,846664428711
134,39    0,00328567554242909    -190,245330810547
135,363    0,00352868577465415    -189,418869018555
136,336    0,00344768236391246    -188,441345214844
137,309    0,00352868577465415    -187,802490234375
138,283    0,00336667895317078    -187,051071166992
139,256    0,00336667895317078    -186,299179077148
140,229    0,00336667895317078    -185,547760009766
141,202    0,00344768236391246    -184,946426391602
142,175    0,00328567554242909    -184,232055664063
143,148    0,00352868577465415    -183,367584228516
144,121    0,00344768236391246    -182,728729248047
145,094    0,00344768236391246    -181,939788818359
146,068    0,00336667895317078    -181,112838745117
147,041    0,00352868577465415    -180,473983764648
148,014    0,00360968918539584    -179,6845703125
148,987    0,00344768236391246    -179,045715332031
149,96    0,00352868577465415    -178,14372253418
150,933    0,00352868577465415    -177,654968261719
151,906    0,00377273466438055    -176,715454101563
152,879    0,00360968918539584    -176,114120483398
153,852    0,00344768236391246    -175,325180053711
154,826    0,00369173125363886    -174,648315429688
155,799    0,00336667895317078    -173,859375
156,772    0,00344768236391246    -173,182525634766
157,745    0,00360968918539584    -172,506149291992
158,718    0,00377273466438055    -171,641677856445
159,691    0,00369173125363886    -170,965301513672
160,664    0,00377273466438055    -170,288925170898
161,637    0,00360968918539584    -169,612564086914
162,611    0,00369173125363886    -168,860656738281
163,584    0,00344768236391246    -168,146759033203
164,557    0,00369173125363886    -167,319808959961
165,53    0,00360968918539584    -166,643432617188
166,503    0,00360968918539584    -165,966583251953
167,476    0,00377273466438055    -165,177642822266
168,449    0,00369173125363886    -164,501266479492
169,422    0,00360968918539584    -163,824417114258
170,395    0,00360968918539584    -163,185562133789
171,369    0,00369173125363886    -162,471664428711
172,342    0,00385373807512224    -161,757293701172
173,315    0,00369173125363886    -160,968338012695
174,288    0,00360968918539584    -160,216445922852
175,261    0,00393474148586392    -159,389984130859
176,234    0,00377273466438055    -158,713119506836
177,207    0,00369173125363886    -158,149322509766
178,18    0,00401574512943625    -157,134750366211
179,154    0,00377273466438055    -156,458389282227
180,126    0,00393474148586392    -155,894577026367
181,099    0,00385373807512224    -155,10514831543
182,072    0,00393474148586392    -154,353729248047
183,045    0,00393474148586392    -153,714889526367
184,018    0,00401574512943625    -152,812896728516
184,991    0,00401574512943625    -152,249084472656
185,964    0,00385373807512224    -151,384613037109
186,937    0,00393474148586392    -150,595199584961
187,911    0,00369173125363886    -150,031387329102
188,884    0,00385373807512224    -149,242446899414
189,857    0,00377273466438055    -148,678634643555
190,83    0,00385373807512224    -147,926742553711
191,803    0,00401574512943625    -146,987228393555
192,776    0,0040967483073473    -146,235809326172
193,749    0,0040967483073473    -145,521423339844
194,722    0,00401574512943625    -144,958099365234
195,695    0,0040967483073473    -144,131149291992
196,668    0,00369173125363886    -143,454788208008
197,642    0,00377273466438055    -142,702880859375
198,615    0,00401574512943625    -142,026504516602
199,588    0,00393474148586392    -141,274612426758
200,561    0,00401574512943625    -140,673278808594
201,534    0,00385373807512224    -140,07194519043
202,507    0,00401574512943625    -139,245483398438
203,48    0,00393474148586392    -138,568634033203
204,453    0,00385373807512224    -137,81721496582
205,426    0,00393474148586392    -137,027786254883
206,4    0,00401574512943625    -136,463973999023
207,373    0,0040967483073473    -135,637512207031
208,346    0,00401574512943625    -134,998184204102
209,319    0,0040967483073473    -134,246765136719
210,292    0,00385373807512224    -133,532867431641
211,265    0,00401574512943625    -132,818481445313
212,238    0,00401574512943625    -132,142120361328
213,211    0,00385373807512224    -131,42822265625
214,184    0,00401574512943625    -130,638793945313
215,158    0,00401574512943625    -129,962417602539
216,131    0,0040967483073473    -129,248046875
217,104    0,00417775195091963    -128,571670532227
218,077    0,00425875512883067    -128,007858276367
219,05    0,00393474148586392    -127,21891784668
220,023    0,00417775195091963    -126,542068481445
220,996    0,00425875512883067    -125,828170776367
221,969    0,00417775195091963    -124,96369934082
222,943    0,00401574512943625    -124,362373352051
223,916    0,00401574512943625    -123,685997009277
224,889    0,0040967483073473    -123,009620666504
225,862    0,0040967483073473    -122,29524230957
226,835    0,0040967483073473    -121,656394958496
227,808    0,0040967483073473    -120,866966247559
228,781    0,0040967483073473    -120,153076171875
229,754    0,00417775195091963    -119,401649475098
230,727    0,00417775195091963    -118,724800109863
231,701    0,00425875512883067    -117,860328674316
232,674    0,0040967483073473    -117,259002685547
233,647    0,0040967483073473    -116,582626342773
234,62    0,00417775195091963    -115,831207275391
235,593    0,00425875512883067    -115,229881286621
236,566    0,00401574512943625    -114,477973937988
237,539    0,0040967483073473    -113,801605224609
238,512    0,00417775195091963    -113,087707519531
239,485    0,00417775195091963    -112,486381530762
240,458    0,00425875512883067    -111,621910095215
241,431    0,0040967483073473    -110,907531738281
242,404    0,00401574512943625    -110,268676757813
243,377    0,0040967483073473    -109,592308044434
244,35    0,00425875512883067    -109,028503417969
245,323    0,00417775195091963    -108,164031982422
246,296    0,00425875512883067    -107,375091552734
247,269    0,00417775195091963    -106,77375793457
248,242    0,00425875512883067    -106,134429931641
249,216    0,00401574512943625    -105,420532226563
250,189    0,00425875512883067    -104,781677246094
251,162    0,00417775195091963    -103,992256164551
252,135    0,0040967483073473    -103,240837097168
253,108    0,0040967483073473    -102,526458740234
254,081    0,0043407971970737    -101,812561035156
255,054    0,00393474148586392    -101,136184692383
256,027    0,0043407971970737    -100,459815979004
257    0,00425875512883067    -99,782958984375
257,974    0,00401574512943625    -98,9940185546875
258,947    0,0043407971970737    -98,3551635742188
259,92    0,0043407971970737    -97,6407852172852
260,893    0,0040967483073473    -97,0019378662109
261,866    0,0040967483073473    -96,2880401611328
262,839    0,00425875512883067    -95,5361404418945
263,812    0,00425875512883067    -94,934814453125
264,785    0,00425875512883067    -94,3334808349609
265,758    0,00417775195091963    -93,544059753418
266,732    0,00417775195091963    -93,055778503418
267,705    0,0043407971970737    -92,1537857055664
268,678    0,0043407971970737    -91,4774169921875
269,651    0,00425875512883067    -90,8760833740234
270,624    0,0043407971970737    -90,0491409301758
271,597    0,00417775195091963    -89,597900390625
272,57    0,00425875512883067    -88,8089599609375
273,543    0,00425875512883067    -88,0570602416992
274,516    0,0043407971970737    -87,3431625366211
275,49    0,00425875512883067    -86,5537414550781
276,463    0,00425875512883067    -85,9148864746094
277,436    0,00425875512883067    -85,2009887695313
278,409    0,0040967483073473    -84,5241394042969
279,382    0,00401574512943625    -83,9983367919922
280,355    0,0043407971970737    -83,0588226318359
281,328    0,0043407971970737    -82,6826248168945
282,301    0,00442180037498474    -81,8561630249023
283,274    0,00442180037498474    -81,1417846679688
284,247    0,00442180037498474    -80,5029373168945
285,221    0,0045838076621294    -79,8640823364258
286,194    0,00425875512883067    -79,1501846313477
287,167    0,0045838076621294    -78,510856628418
288,14    0,0043407971970737    -77,6843872070313
289,113    0,0045838076621294    -77,1581039428711
290,086    0,0045838076621294    -76,3311614990234
291,059    0,0045838076621294    -75,7673568725586
292,032    0,0045838076621294    -74,9784088134766
293,006    0,0045838076621294    -74,3395614624023
293,979    0,00466481084004045    -73,6251831054688
294,952    0,00450280401855707    -72,8737640380859
295,925    0,0045838076621294    -72,2349090576172
296,898    0,0045838076621294    -71,5205307006836
297,871    0,0045838076621294    -70,8816833496094
298,844    0,00450280401855707    -70,2428283691406
299,817    0,0045838076621294    -69,528938293457
300,789    0,00450280401855707    -68,8520812988281
301,763    0,0045838076621294    -68,1006622314453
302,736    0,00474581448361278    -67,3112335205078
303,709    0,00466481084004045    -66,7099075317383
304,682    0,0045838076621294    -66,0710601806641
305,655    0,00466481084004045    -65,4322052001953
306,628    0,00466481084004045    -64,7558288574219
307,601    0,00466481084004045    -64,0789794921875
308,574    0,00474581448361278    -63,4026031494141
309,548    0,00466481084004045    -62,6887054443359
310,521    0,00466481084004045    -62,0498542785645
311,494    0,00474581448361278    -61,2979545593262
312,467    0,00474581448361278    -60,584056854248
313,44    0,00466481084004045    -59,8696784973145
314,413    0,00474581448361278    -59,230827331543
315,386    0,00450280401855707    -58,5919761657715
316,359    0,0045838076621294    -57,9156036376953
317,332    0,0045838076621294    -57,3517990112305
318,306    0,00482681766152382    -56,712947845459
319,279    0,00474581448361278    -55,8484764099121
320,252    0,00474581448361278    -55,2846717834473
321,225    0,00474581448361278    -54,5707740783691
322,198    0,00442180037498474    -53,8563957214355
323,171    0,00474581448361278    -53,2930717468262
324,144    0,0045838076621294    -52,6162185668945
325,117    0,0045838076621294    -51,8272743225098
326,091    0,0045838076621294    -51,4510841369629
327,064    0,00474581448361278    -50,5870971679688
328,037    0,00482681766152382    -49,8727188110352
329,01    0,00490782130509615    -49,1212997436523
329,983    0,00482681766152382    -48,4824485778809
330,956    0,00466481084004045    -47,918643951416
331,929    0,00474581448361278    -47,0916938781738
332,902    0,0045838076621294    -46,527889251709
333,875    0,00474581448361278    -45,8139915466309
334,849    0,00450280401855707    -45,0620918273926
335,822    0,00474581448361278    -44,4232406616211
336,795    0,00474581448361278    -43,8594360351563
337,768    0,00490782130509615    -43,1455383300781
338,741    0,00490782130509615    -42,4311599731445
339,714    0,00482681766152382    -41,829833984375
340,687    0,00490782130509615    -41,0784149169922
341,66    0,00474581448361278    -40,4020385742188
342,634    0,00490782130509615    -39,8757553100586
343,607    0,00482681766152382    -39,011287689209
344,58    0,00474581448361278    -38,4099578857422
345,553    0,00515187019482255    -37,8461532592773
346,526    0,00490782130509615    -36,9816856384277
347,499    0,00498986290767789    -36,5684509277344
348,472    0,00507086655125022    -35,6664581298828
349,445    0,00498986290767789    -35,1401786804199
350,418    0,00498986290767789    -34,4638023376465
351,392    0,00490782130509615    -33,8999977111816
352,365    0,00498986290767789    -33,1105728149414
353,338    0,00490782130509615    -32,6598205566406
354,311    0,00507086655125022    -31,9834442138672
355,284    0,00498986290767789    -31,1940212249756
356,257    0,00498986290767789    -30,4801235198975
357,23    0,00507086655125022    -30,0664100646973
358,203    0,00507086655125022    -29,2399444580078
359,177    0,00531387701630592    -28,6386165618896
360,149    0,00523287337273359    -27,9242382049561
361,122    0,00515187019482255    -27,2478656768799
362,095    0,00498986290767789    -26,6465358734131
363,068    0,00539488019421697    -25,8195896148682
364,041    0,00498986290767789    -25,21826171875
365,014    0,0054758838377893    -24,5794105529785
365,987    0,00507086655125022    -23,940559387207
366,96    0,00498986290767789    -23,2266635894775
367,934    0,00515187019482255    -22,7003803253174
368,907    0,00531387701630592    -21,7983875274658
369,88    0,0054758838377893    -21,309627532959
370,853    0,00523287337273359    -20,6707782745361
371,826    0,00531387701630592    -19,9193572998047
372,799    0,00531387701630592    -19,2800254821777
373,772    0,00539488019421697    -18,6036510467529
374,745    0,00531387701630592    -17,8897552490234
375,719    0,00523287337273359    -17,2133808135986
376,692    0,00523287337273359    -16,5365257263184
377,665    0,00539488019421697    -15,8976745605469
378,638    0,00539488019421697    -15,1087312698364
379,611    0,00539488019421697    -14,4318761825562
380,584    0,00523287337273359    -13,830548286438
381,557    0,0054758838377893    -13,2667427062988
382,53    0,00531387701630592    -12,4777994155884
383,504    0,0054758838377893    -11,7634220123291
384,477    0,00539488019421697    -11,1245708465576
385,45    0,00523287337273359    -10,6738157272339
386,423    0,0054758838377893    -9,88439178466797
387,396    0,00531387701630592    -9,28306293487549
388,369    0,0054758838377893    -8,68173503875732
389,342    0,00539488019421697    -8,04288387298584
390,316    0,00539488019421697    -7,32898712158203
391,289    0,00515187019482255    -6,84022760391235
392,262    0,00539488019421697    -6,20137643814087
393,235    0,0054758838377893    -5,48699855804443
394,208    0,00531387701630592    -4,88567066192627
395,181    0,0054758838377893    -4,1717734336853
396,154    0,00539488019421697    -3,6830141544342
397,128    0,0054758838377893    -2,89407134056091
398,101    0,00523287337273359    -2,36778903007507
399,074    0,00555688701570034    -1,61636924743652
400,047    0,0054758838377893    -0,93951427936554
401,02    0,00555688701570034    -0,375708937644958
401,993    0,00563892908394337    0,225619286298752
402,993    0,00555688701570034    0,939516127109528
403,992    0,00515187019482255    1,50332140922546
404,992    0,00539488019421697    2,25474119186401
405,991    0,0054758838377893    2,74350070953369
406,991    0,0054758838377893    3,38235187530518
407,99    0,00531387701630592    3,98368000984192
408,99    0,00539488019421697    4,58500814437866
409,989    0,0054758838377893    5,22385931015015
410,989    0,00523287337273359    5,86271047592163
411,988    0,0054758838377893    6,5395655632019
412,988    0,0054758838377893    7,14089345932007
413,988    0,0054758838377893    7,81726741790771
414,987    0,0054758838377893    8,30554580688477
415,987    0,00523287337273359    8,94487857818604
416,986    0,00539488019421697    9,5462064743042
417,986    0,00539488019421697    10,1095304489136
418,985    0,00539488019421697    10,6733360290527
419,985    0,00539488019421697    11,3877143859863
420,983    0,0054758838377893    12,2141790390015
421,983    0,00523287337273359    12,665415763855
422,982    0,00523287337273359    13,1916990280151
423,982    0,00531387701630592    13,9431180953979
424,981    0,0054758838377893    14,6194925308228
425,981    0,00539488019421697    15,1832981109619
426,98    0,00539488019421697    15,8976745605469
427,98    0,00539488019421697    16,3859539031982
428,979    0,00539488019421697    17,1003303527832
429,979    0,00539488019421697    17,6641368865967
430,978    0,00523287337273359    18,4906024932861
431,978    0,00563892908394337    19,054407119751
432,977    0,00563892908394337    19,6932582855225
433,977    0,00539488019421697    20,2945861816406
434,976    0,00563892908394337    20,8959140777588
435,976    0,0054758838377893    21,6102924346924
436,975    0,00563892908394337    22,2116203308105
437,975    0,0054758838377893    22,850471496582
438,975    0,0054758838377893    23,5268459320068
439,974    0,00563892908394337    24,1656970977783
440,974    0,0057199327275157    24,8420715332031
441,973    0,0054758838377893    25,5189266204834
442,973    0,00539488019421697    26,1202545166016
443,972    0,0054758838377893    26,6840591430664
444,972    0,00555688701570034    27,2853870391846
445,971    0,0054758838377893    28,036808013916
446,971    0,00580093590542674    28,6006126403809
447,97    0,00563892908394337    29,201940536499
448,97    0,00563892908394337    29,9533615112305
449,969    0,00555688701570034    30,5546894073486
450,969    0,00563892908394337    31,1560173034668
451,968    0,00588193954899907    31,8703956604004
452,968    0,00580093590542674    32,5467681884766
453,967    0,00563892908394337    33,22314453125
454,967    0,0057199327275157    33,8619956970215
455,966    0,00563892908394337    34,3882751464844
456,966    0,00580093590542674    35,102653503418
457,965    0,0054758838377893    35,7790298461914
458,965    0,00563892908394337    36,4178810119629
459,964    0,0057199327275157    37,0942535400391
460,964    0,00580093590542674    37,5830116271973
461,963    0,00580093590542674    38,2969093322754
462,963    0,00580093590542674    38,9357604980469
463,963    0,00563892908394337    39,5746116638184
464,962    0,00580093590542674    40,1008949279785
465,962    0,00580093590542674    40,8152732849121
466,961    0,0057199327275157    41,3785972595215
467,961    0,00580093590542674    42,0929756164551
468,96    0,00580093590542674    42,6567802429199
469,96    0,00563892908394337    43,4081993103027
470,959    0,00580093590542674    44,197624206543
471,959    0,0057199327275157    44,7614288330078
472,958    0,00563892908394337    45,3252334594727
473,958    0,00588193954899907    46,0016059875488
474,957    0,00588193954899907    46,6779823303223
475,957    0,00596294272691011    47,1667404174805
476,956    0,00580093590542674    47,8806381225586
477,956    0,00580093590542674    48,4444427490234
478,955    0,00580093590542674    49,1583404541016
479,955    0,0057199327275157    49,6846237182617
480,953    0,00588193954899907    50,3609962463379
481,953    0,00580093590542674    51,0378532409668
482,952    0,00588193954899907    51,6011772155762
483,952    0,00596294272691011    52,2780303955078
484,951    0,00596294272691011    52,9168815612793
485,951    0,00596294272691011    53,5932579040527
486,95    0,00588193954899907    54,2321090698242
487,95    0,00596294272691011    54,7959136962891
488,95    0,00604394637048244    55,4347648620605
489,949    0,00604394637048244    56,073616027832
490,949    0,00596294272691011    56,7504692077637
491,948    0,00588193954899907    57,2012252807617
492,948    0,00588193954899907    57,990650177002
493,947    0,00596294272691011    58,6670227050781
494,947    0,00580093590542674    59,2683525085449
495,946    0,00612494954839349    59,7571105957031
496,946    0,00588193954899907    60,4334831237793
497,945    0,00580093590542674    61,0348129272461
498,945    0,00604394637048244    61,7111854553223
499,944    0,00588193954899907    62,1999473571777
500,944    0,00580093590542674    62,7257461547852
501,943    0,00588193954899907    63,6277389526367
502,943    0,00588193954899907    64,0414505004883
503,942    0,00604394637048244    64,680305480957
504,942    0,00604394637048244    65,1690673828125
505,941    0,00596294272691011    65,9955291748047
506,941    0,00612494954839349    66,4092407226563
507,94    0,00604394637048244    67,235710144043
508,94    0,00604394637048244    67,8370361328125
509,939    0,00612494954839349    68,62646484375
510,939    0,00596294272691011    69,1902694702148
511,938    0,00612494954839349    69,8291168212891
512,938    0,00604394637048244    70,3178787231445
513,937    0,00580093590542674    71,0317764282227
514,937    0,00604394637048244    71,5955810546875
515,936    0,00604394637048244    72,2344284057617
516,936    0,00596294272691011    73,0613784790039
517,936    0,00612494954839349    73,4370880126953
518,935    0,00596294272691011    74,1134643554688
519,935    0,00580093590542674    74,752311706543
520,934    0,00604394637048244    75,2785949707031
521,934    0,00612494954839349    75,8799209594727
522,933    0,00604394637048244    76,7068710327148
523,933    0,00612494954839349    77,233154296875
524,932    0,00604394637048244    77,7589569091797
525,932    0,00596294272691011    78,5858993530273
526,931    0,00612494954839349    79,1121826171875
527,931    0,00604394637048244    79,6759872436523
528,93    0,00612494954839349    80,2022705078125
529,93    0,00596294272691011    80,7660751342773
530,929    0,00596294272691011    81,5550155639648
531,929    0,00596294272691011    82,1563491821289
532,928    0,00604394637048244    82,7201538085938
533,928    0,00620595319196582    83,3965225219727
534,927    0,00620595319196582    84,1109008789063
535,927    0,00620595319196582    84,749755859375
536,926    0,00612494954839349    85,2005081176758
537,926    0,00604394637048244    85,9524078369141
538,925    0,00620595319196582    86,5162124633789
539,925    0,00620595319196582    87,1925888061523
540,923    0,00620595319196582    87,7188720703125
541,923    0,00604394637048244    88,4702911376953
542,922    0,00604394637048244    89,0340957641602
543,922    0,00588193954899907    89,5228576660156
544,921    0,00612494954839349    90,1992340087891
545,921    0,00604394637048244    90,7630386352539
546,921    0,00620595319196582    91,4394073486328
547,92    0,00620595319196582    92,0407409667969
548,92    0,00612494954839349    92,6420669555664
549,919    0,00612494954839349    93,2809143066406
550,919    0,00612494954839349    93,8447265625
551,918    0,00620595319196582    94,5210952758789
552,918    0,00612494954839349    95,0473785400391
553,917    0,00628799526020885    95,6862335205078
554,917    0,00612494954839349    96,4006118774414
555,916    0,00628799526020885    96,7763214111328
556,916    0,00628799526020885    97,5652618408203
557,915    0,00612494954839349    98,1665878295898
558,915    0,00620595319196582    98,69287109375
559,914    0,00628799526020885    99,3317260742188
560,914    0,00620595319196582    99,970573425293
561,913    0,00620595319196582    100,609909057617
562,913    0,00612494954839349    101,135704040527
563,912    0,00612494954839349    101,737037658691
564,912    0,00620595319196582    102,375885009766
565,911    0,00628799526020885    103,052742004395
566,911    0,00628799526020885    103,691589355469
567,91    0,00620595319196582    104,217872619629
568,91    0,00604394637048244    104,856727600098
569,909    0,00612494954839349    105,495574951172
570,909    0,00620595319196582    106,134429931641
571,909    0,00628799526020885    106,698234558105
572,908    0,00604394637048244    107,299560546875
573,908    0,00612494954839349    107,825843811035
574,907    0,00620595319196582    108,614784240723
575,907    0,00612494954839349    109,103546142578
576,906    0,00612494954839349    109,742401123047
577,906    0,00636899843811989    110,343727111816
578,905    0,00628799526020885    110,794479370117
579,905    0,00628799526020885    111,358283996582
580,904    0,00628799526020885    111,959617614746
581,904    0,00628799526020885    112,711517333984
582,903    0,00628799526020885    113,237800598145
583,903    0,00596294272691011    113,839126586914
584,902    0,00604394637048244    114,25235748291
585,902    0,00628799526020885    114,928733825684
586,901    0,00612494954839349    115,567581176758
587,901    0,00612494954839349    116,018821716309
588,9    0,00612494954839349    116,732719421387
589,9    0,00628799526020885    117,221481323242
590,899    0,00612494954839349    117,860328674316
591,899    0,00612494954839349    118,424133300781
592,898    0,00620595319196582    118,950416564941
593,898    0,00612494954839349    119,551742553711
594,897    0,00604394637048244    120,19059753418
595,897    0,00612494954839349    120,754402160645
596,897    0,00628799526020885    121,430778503418
597,896    0,00612494954839349    121,957054138184
598,896    0,00604394637048244    122,407814025879
599,895    0,00612494954839349    123,009140014648
600,894    0,00628799526020885    123,873611450195
601,893    0,00620595319196582    124,286842346191
602,893    0,00620595319196582    124,813125610352
603,892    0,00628799526020885    125,52702331543
604,892    0,00612494954839349    126,05330657959
605,891    0,00620595319196582    126,692153930664
606,891    0,00628799526020885    127,218437194824
607,89    0,00620595319196582    127,819763183594
608,89    0,00612494954839349    128,458618164063
609,889    0,00620595319196582    128,947372436523
610,889    0,00628799526020885    129,698791503906
611,888    0,00636899843811989    130,30012512207
612,888    0,00620595319196582    130,826400756836
613,887    0,00636899843811989    131,390213012695
614,887    0,00636899843811989    132,029067993164
615,886    0,00653100525960326    132,592864990234
616,886    0,00628799526020885    133,156677246094
617,885    0,00620595319196582    133,720474243164
618,885    0,00628799526020885    134,434371948242
619,884    0,00628799526020885    134,923141479492
620,884    0,00612494954839349    135,298843383789
621,883    0,00612494954839349    136,050262451172
622,883    0,00628799526020885    136,463973999023
623,882    0,00628799526020885    137,215393066406
624,882    0,00612494954839349    137,704162597656
625,881    0,00636899843811989    138,38053894043
626,881    0,00628799526020885    138,869293212891
627,88    0,00628799526020885    139,395568847656
628,88    0,00636899843811989    140,184524536133
629,879    0,00636899843811989    140,598236083984
630,879    0,00628799526020885    141,237075805664
631,878    0,00612494954839349    141,650314331055
632,878    0,00612494954839349    142,364212036133
633,877    0,00636899843811989    143,003540039063
634,877    0,00636899843811989    143,529342651367
635,876    0,00628799526020885    144,055633544922
636,876    0,00628799526020885    144,732009887695
637,875    0,00628799526020885    145,370849609375
638,875    0,00628799526020885    145,89714050293
639,874    0,00636899843811989    146,385894775391
640,874    0,00620595319196582    146,94970703125
641,873    0,00620595319196582    147,437973022461
642,873    0,00636899843811989    148,07682800293
643,872    0,00628799526020885    148,716156005859
644,872    0,00628799526020885    149,279479980469
645,871    0,00636899843811989    149,843292236328
646,871    0,00620595319196582    150,294525146484
647,87    0,00628799526020885    150,895858764648
648,87    0,00628799526020885    151,497192382813
649,87    0,00628799526020885    152,248611450195
650,869    0,00628799526020885    152,774887084961
651,869    0,00636899843811989    153,188125610352
652,868    0,00636899843811989    153,676879882813
653,868    0,00628799526020885    154,428787231445
654,867    0,00645000208169222    154,954574584961
655,867    0,00636899843811989    155,668960571289
656,866    0,00628799526020885    156,157241821289
657,866    0,00636899843811989    156,683517456055
658,865    0,00628799526020885    157,247329711914
659,865    0,00628799526020885    157,886184692383
660,863    0,00645000208169222    158,374938964844
661,863    0,00612494954839349    159,051315307617
662,862    0,00628799526020885    159,727691650391
663,862    0,00620595319196582    160,178924560547
664,861    0,00636899843811989    160,817779541016
665,861    0,00661200890317559    161,268524169922
666,86    0,00645000208169222    161,98291015625
667,86    0,00628799526020885    162,54670715332
668,859    0,00636899843811989    162,997467041016
669,859    0,00653100525960326    163,749374389648
670,858    0,00636899843811989    164,312698364258
671,858    0,00636899843811989    164,838973999023
672,857    0,00645000208169222    165,440307617188
673,857    0,00628799526020885    166,041625976563
674,856    0,00636899843811989    166,605438232422
675,856    0,00636899843811989    167,244293212891
676,855    0,00636899843811989    167,770568847656
677,855    0,00653100525960326    168,259323120117
678,854    0,00636899843811989    168,823135375977
679,854    0,00628799526020885    169,574554443359
680,853    0,00636899843811989    170,06330871582
681,853    0,00636899843811989    170,55158996582
682,852    0,00636899843811989    171,11540222168
683,852    0,00636899843811989    171,791778564453
684,851    0,00628799526020885    172,355575561523
685,851    0,00645000208169222    172,919387817383
686,85    0,00636899843811989    173,445663452148
687,85    0,00636899843811989    174,046997070313
688,849    0,00645000208169222    174,723373413086
689,849    0,00628799526020885    175,324691772461
690,848    0,00645000208169222    175,850982666016
691,848    0,00645000208169222    176,377258300781
692,847    0,00636899843811989    177,01611328125
693,847    0,00636899843811989    177,429336547852
694,847    0,00645000208169222    177,918106079102
695,846    0,00628799526020885    178,55696105957
696,846    0,00628799526020885    179,19580078125
697,845    0,00653100525960326    179,759613037109
698,845    0,00636899843811989    180,32341003418
699,844    0,00636899843811989    180,849700927734
700,844    0,00645000208169222    181,451034545898
701,843    0,00653100525960326    182,014358520508
702,843    0,00628799526020885    182,465591430664
703,842    0,00653100525960326    183,217010498047
704,842    0,00636899843811989    183,630722045898
705,841    0,00653100525960326    184,269577026367
706,841    0,00628799526020885    184,908416748047
707,84    0,00677401572465897    185,472229003906
708,84    0,00636899843811989    186,07356262207
709,839    0,00661200890317559    186,599838256836
710,839    0,00645000208169222    187,238693237305
711,838    0,00645000208169222    187,76496887207
712,838    0,00653100525960326    188,25325012207
713,837    0,00653100525960326    188,81706237793
714,837    0,00628799526020885    189,455902099609
715,836    0,00653100525960326    190,019714355469
716,836    0,00636899843811989    190,696090698242
717,835    0,00661200890317559    191,222366333008
718,835    0,00653100525960326    191,786178588867
719,834    0,00653100525960326    192,462554931641
720,833    0,00653100525960326    192,913787841797
721,832    0,00669301208108664    193,477584838867
722,832    0,00669301208108664    194,078918457031
723,831    0,00669301208108664    194,755294799805
724,831    0,00653100525960326    195,243576049805
725,83    0,00645000208169222    195,882904052734
726,83    0,00636899843811989    196,408706665039
727,829    0,00653100525960326    196,859939575195
728,829    0,00661200890317559    197,498794555664
729,828    0,00661200890317559    198,062591552734
730,828    0,00661200890317559    198,663925170898
731,827    0,00645000208169222    199,265258789063
732,827    0,00645000208169222    199,829055786133
733,826    0,00661200890317559    200,354858398438
734,826    0,00636899843811989    200,918670654297
735,825    0,00669301208108664    201,444946289063
736,825    0,00636899843811989    202,008758544922
737,825    0,00645000208169222    202,572555541992
738,824    0,00645000208169222    203,248931884766
739,824    0,00669301208108664    203,624649047852
740,823    0,00653100525960326    204,225967407227
741,823    0,00653100525960326    204,827301025391
742,822    0,00636899843811989    205,428634643555
743,822    0,00653100525960326    205,879867553711
744,821    0,00653100525960326    206,481185913086
745,821    0,00653100525960326    207,157562255859
746,82    0,00636899843811989    207,721374511719
747,82    0,00628799526020885    208,21012878418
748,819    0,00653100525960326    208,773452758789
749,819    0,00653100525960326    209,187164306641
750,818    0,00636899843811989    209,788497924805
751,818    0,00653100525960326    210,577438354492
752,817    0,00653100525960326    210,991149902344
753,817    0,00669301208108664    211,630004882813
754,816    0,00653100525960326    212,043243408203
755,816    0,00653100525960326    212,531997680664
756,815    0,00653100525960326    213,321426391602
757,815    0,00653100525960326    213,734649658203
758,814    0,00636899843811989    214,448547363281
759,814    0,00653100525960326    214,899795532227
760,813    0,00653100525960326    215,426071166992
761,813    0,00653100525960326    216,027404785156
762,812    0,00669301208108664    216,440628051758
763,812    0,00636899843811989    217,230056762695
764,811    0,00636899843811989    217,981475830078
765,811    0,00653100525960326    218,31965637207
766,81    0,00653100525960326    218,80842590332
767,81    0,00653100525960326    219,447265625
768,809    0,00645000208169222    220,123641967773
769,809    0,00653100525960326    220,649932861328
770,808    0,00653100525960326    221,213729858398
771,808    0,00645000208169222    221,777542114258
772,807    0,00669301208108664    222,378860473633
773,807    0,00636899843811989    222,829620361328
774,806    0,00669301208108664    223,581527709961
775,806    0,00653100525960326    224,069808959961
776,805    0,00653100525960326    224,708648681641
777,805    0,00653100525960326    225,197418212891
778,804    0,00653100525960326    225,761215209961
779,804    0,00653100525960326    226,249984741211
780,802    0,00645000208169222    226,738250732422
781,802    0,00636899843811989    227,227020263672
782,801    0,00653100525960326    227,94091796875
783,801    0,00661200890317559    228,392150878906
784,8    0,00661200890317559    229,06852722168
785,8    0,00661200890317559    229,594802856445
786,799    0,00653100525960326    230,271179199219
787,799    0,00669301208108664    230,75993347168
788,798    0,00653100525960326    231,398788452148
789,798    0,00669301208108664    231,962600708008
790,797    0,00669301208108664    232,563919067383
791,797    0,00653100525960326    232,977157592773
792,797    0,00669301208108664    233,616012573242
793,796    0,00661200890317559    234,029235839844
794,796    0,00653100525960326    234,781143188477
795,795    0,00661200890317559    235,194381713867
796,795    0,00661200890317559    235,683135986328
797,794    0,00645000208169222    236,321990966797
798,794    0,00645000208169222    236,998352050781
799,793    0,00645000208169222    237,449600219727
800,793    0,00653100525960326    237,937881469727
801,792    0,00669301208108664    238,614730834961
802,792    0,00669301208108664    239,291107177734
803,791    0,00653100525960326    239,741851806641
804,791    0,00661200890317559    240,193099975586
805,79    0,00669301208108664    240,869476318359
806,79    0,00661200890317559    241,395751953125
807,789    0,00661200890317559    241,959564208984
808,789    0,00669301208108664    242,635925292969
809,788    0,00677401572465897    243,124694824219
810,788    0,00661200890317559    243,612976074219
811,787    0,00661200890317559    244,364868164063
812,787    0,00661200890317559    244,891159057617
813,786    0,00645000208169222    245,341903686523
814,786    0,00653100525960326    246,018280029297
815,785    0,00661200890317559    246,431991577148
816,785    0,00677401572465897    247,108367919922
817,785    0,00661200890317559    247,709701538086
818,784    0,00661200890317559    248,122924804688
819,784    0,00661200890317559    248,761779785156
820,783    0,00677401572465897    249,325592041016
821,783    0,00677401572465897    250,039962768555
822,782    0,00653100525960326    250,453201293945
823,782    0,00645000208169222    251,05451965332
824,781    0,00653100525960326    251,580810546875
825,781    0,00661200890317559    252,294708251953
826,78    0,00669301208108664    252,783462524414
827,78    0,00677401572465897    253,459838867188
828,779    0,00661200890317559    253,986114501953
829,779    0,00653100525960326    254,436874389648
830,778    0,00677401572465897    255,038208007813
831,778    0,00653100525960326    255,602005004883
832,777    0,00669301208108664    256,391448974609
833,777    0,00677401572465897    256,654571533203
834,776    0,00669301208108664    257,443511962891
835,776    0,00677401572465897    257,782196044922
836,775    0,00669301208108664    258,383514404297
837,775    0,00653100525960326    258,984832763672
838,774    0,00677401572465897    259,510650634766
839,774    0,00677401572465897    260,1875
840,772    0,0068550193682313    260,67578125
841,772    0,00669301208108664    261,202056884766
842,771    0,00669301208108664    261,803375244141
843,771    0,00693706097081304    262,292144775391
844,77    0,00661200890317559    262,893463134766
845,77    0,00693706097081304    263,494812011719
846,769    0,00677401572465897    263,945556640625
847,769    0,00669301208108664    264,621948242188
848,768    0,00677401572465897    265,110687255859
849,768    0,00677401572465897    265,787078857422
850,767    0,0068550193682313    266,200775146484
851,767    0,00669301208108664    266,839630126953
852,766    0,00669301208108664    267,365447998047
853,766    0,00693706097081304    267,966766357422
854,765    0,00669301208108664    268,606079101563
855,765    0,00653100525960326    269,019317626953
856,764    0,00669301208108664    269,733215332031
857,764    0,00669301208108664    270,259521484375
858,763    0,00653100525960326    270,748260498047
859,763    0,00677401572465897    271,387115478516
860,762    0,00661200890317559    271,913391113281
861,762    0,00669301208108664    272,364166259766
862,761    0,00669301208108664    272,927947998047
863,761    0,0068550193682313    273,454254150391
864,76    0,00669301208108664    274,093078613281
865,76    0,0068550193682313    274,656890869141
866,759    0,00677401572465897    275,145172119141
867,759    0,00677401572465897    275,708984375
868,758    0,00677401572465897    276,310302734375
869,758    0,00693706097081304    276,911651611328
870,757    0,0068550193682313    277,362884521484
871,757    0,00693706097081304    277,813629150391
872,756    0,00661200890317559    278,414947509766
873,756    0,00677401572465897    279,129333496094
874,755    0,00669301208108664    279,617614746094
875,755    0,00693706097081304    280,06884765625
876,754    0,0068550193682313    280,519622802734
877,754    0,00677401572465897    281,271514892578
878,753    0,00669301208108664    281,722259521484
879,753    0,0068550193682313    282,398651123047
880,752    0,00677401572465897    282,699310302734
881,752    0,00701806461438537    283,300628662109
882,751    0,00677401572465897    283,901947021484
883,751    0,00677401572465897    284,465759277344
884,75    0,00677401572465897    285,029571533203
885,75    0,00677401572465897    285,630889892578
886,749    0,0068550193682313    286,082122802734
887,749    0,00693706097081304    286,758514404297
888,748    0,00677401572465897    287,322326660156
889,748    0,00693706097081304    287,735534667969
890,747    0,0068550193682313    288,336883544922
891,747    0,00693706097081304    288,825622558594
892,746    0,00669301208108664    289,276397705078
893,746    0,0068550193682313    289,990783691406
894,745    0,00677401572465897    290,403991699219
895,745    0,00693706097081304    290,930297851563
896,744    0,00693706097081304    291,531616210938
897,744    0,00693706097081304    292,283020019531
898,743    0,00669301208108664    292,659210205078
899,743    0,00693706097081304    293,185028076172
900,741    0,00701806461438537    293,823883056641
901,741    0,0068550193682313    294,350158691406
902,74    0,00693706097081304    294,951477050781
903,74    0,00693706097081304    295,440246582031
904,739    0,00693706097081304    295,928527832031
905,739    0,00693706097081304    296,492340087891
906,738    0,00701806461438537    297,169189453125
907,738    0,00677401572465897    297,619934082031
908,737    0,00693706097081304    298,183746337891
909,737    0,00677401572465897    298,672515869141
910,736    0,0068550193682313    299,160797119141
911,736    0,00693706097081304    299,799621582031
912,735    0,00677401572465897    300,213348388672
913,339    0,00645000208169222    300,514007568359
