sec"	"mA"	"mV
9,976    -0,0178094878792763    -45,1751441955566
20,313    -0,0176464430987835    -90,5374145507813
30,65    -0,0178904924541712    -134,65998840332
40,988    -0,0179714951664209    -177,805541992188
51,325    -0,01837651245296    -220,124130249023
61,66    -0,0186205618083477    -261,465209960938
71,993    -0,0188635718077421    -302,581146240234
82,729    0,0149688636884093    -243,462875366211
92,464    0,0178891401737928    -188,516876220703
102,2    0,0197553355246782    -135,22380065918
111,935    0,0212165135890245    -82,8331985473633
121,669    0,0218655783683062    -31,2315444946289
131,404    0,0224326029419899    19,9563999176025
141,4    0,0232447143644094    71,9712905883789
151,396    0,024379801005125    123,159713745117
161,392    0,0255159251391888    174,046997070313
171,388    0,0268950611352921    224,145324707031
181,382    0,0285182446241379    273,378723144531
191,378    0,0302224326878786    321,560485839844
202,307    -0,00547723472118378    271,537200927734
212,234    -0,0098576508462429    224,521041870117
222,162    -0,0122109046205878    178,895141601563
232,09    -0,0140770990401506    134,434371948242
242,016    -0,0154562350362539    90,4623718261719
251,944    -0,0161863043904305    47,2417869567871
261,868    -0,0164293143898249    4,47243976593018
271,791    -0,016916373744607    -37,6960639953613
282,124    -0,0171604230999947    -81,6305465698242
292,457    -0,0174844358116388    -124,700553894043
302,79    -0,0175654403865337    -167,282287597656
313,123    -0,0178094878792763    -208,999557495117
323,456    -0,0182145051658154    -250,303100585938
333,789    -0,0182145051658154    -291,080841064453
344,122    -0,0187015645205975    -331,219268798828
354,857    0,014887860044837    -271,650268554688
364,591    0,0176461301743984    -216,328063964844
374,327    0,0192693155258894    -162,734802246094
384,062    0,0206484496593475    -109,817924499512
393,797    0,0217835363000631    -57,8780822753906
403,532    0,0226766522973776    -6,38899087905884
413,264    0,0230006650090218    44,2726707458496
