sec"	"mA"	"mV
9,976    -0,00166384212207049    1,12761163711548
19,904    -0,000608720467425883    2,33026790618896
29,831    -0,000202664770768024    3,38235187530518
39,759    0,000283355853753164    4,24682140350342
49,687    0,000283355853753164    4,96071815490723
59,614    0,000446401216322556    5,59956932067871
69,537    0,000446401216322556    6,50156164169312
79,461    0,000446401216322556    7,14089345932007
89,384    0,000446401216322556    7,96735906600952
99,308    0,000364359264494851    8,4561185836792
109,232    0,000527404656168073    8,98240089416504
119,156    0,000689411535859108    9,5462064743042
129,078    0,000932421826291829    9,95943927764893
139,002    0,000932421826291829    10,5607671737671
148,926    0,000851418415550143    10,8989543914795
158,85    0,000932421826291829    11,3877143859863
168,773    0,000932421826291829    12,0640878677368
178,697    0,00101342529524118    12,1766567230225
188,62    0,00101342529524118    13,0786485671997
198,544    0,000689411535859108    13,3793134689331
208,467    0,00101342529524118    13,9806413650513
218,391    0,00101342529524118    14,3943548202515
228,315    0,00101342529524118    14,9581604003906
238,238    0,000932421826291829    15,296347618103
248,161    0,000932421826291829    15,8976745605469
258,085    0,000851418415550143    16,3859539031982
268,009    0,00117647065781057    16,7621440887451
277,932    0,000932421826291829    17,1753768920898
287,856    0,00109546724706888    17,4385185241699
297,78    0,00101342529524118    17,70166015625
307,703    0,000932421826291829    18,1524143218994
317,626    0,00109546724706888    18,4906024932861
327,55    0,00101342529524118    18,7537422180176
337,474    0,000932421826291829    18,9793605804443
347,397    0,000932421826291829    19,0919303894043
357,321    0,00109546724706888    19,2049789428711
367,244    0,00101342529524118    19,4681205749512
377,168    0,00101342529524118    19,6557350158691
387,091    0,00101342529524118    19,9563999176025
397,015    0,00117647065781057    20,2195415496826
406,939    0,00101342529524118    20,7082996368408
416,863    0,000932421826291829    20,8208694458008
426,785    0,00101342529524118    21,3846740722656
436,709    0,00117647065781057    21,5347652435303
446,633    0,00101342529524118    21,9484786987305
456,556    0,00101342529524118    22,0985717773438
466,48    0,00117647065781057    22,3992347717285
476,404    0,00101342529524118    22,4747619628906
486,327    0,00101342529524118    22,8129482269287
496,25    0,00109546724706888    23,0005626678467
506,174    0,000932421826291829    23,4142780303955
516,098    0,00101342529524118    23,677417755127
526,021    0,000770414946600795    23,9780826568604
535,945    0,000932421826291829    24,2032203674316
545,868    0,00117647065781057    24,4663600921631
555,792    0,00101342529524118    24,5414066314697
565,715    0,00101342529524118    24,8420715332031
575,639    0,00101342529524118    25,0676898956299
585,563    0,00101342529524118    25,1427345275879
595,487    0,00101342529524118    25,405876159668
605,409    0,00117647065781057    25,4814033508301
615,333    0,00101342529524118    25,6314945220947
625,257    0,000932421826291829    25,8571128845215
635,18    0,00117647065781057    26,2703456878662
645,104    0,00117647065781057    26,6085319519043
655,028    0,00101342529524118    26,759105682373
664,951    0,00117647065781057    27,0972919464111
674,874    0,00117647065781057    27,4730014801025
684,798    0,00101342529524118    27,7361431121826
694,722    0,00109546724706888    28,036808013916
704,646    0,00117647065781057    28,3749942779541
714,569    0,00117647065781057    28,5630893707275
724,492    0,00117647065781057    28,7507038116455
734,416    0,00117647065781057    28,8262310028076
744,339    0,00101342529524118    29,2394638061523
754,263    0,00101342529524118    29,5776500701904
764,187    0,000932421826291829    29,6526966094971
774,111    0,00101342529524118    29,9533615112305
784,033    0,000932421826291829    30,2165012359619
793,957    0,00101342529524118    30,404598236084
803,881    0,00117647065781057    30,6302165985107
813,805    0,00101342529524118    30,7427845001221
823,728    0,00109546724706888    30,9308795928955
833,652    0,00125747406855226    31,1560173034668
843,575    0,000932421826291829    31,1560173034668
853,498    0,00125747406855226    31,6072540283203
863,422    0,00109546724706888    31,8703956604004
873,346    0,00117647065781057    32,2461051940918
883,27    0,00101342529524118    32,3966789245605
893,193    0,00117647065781057    32,73486328125
903,116    0,00109546724706888    33,1105728149414
913,04    0,00109546724706888    33,3361930847168
922,963    0,000932421826291829    33,4862823486328
932,887    0,00109546724706888    33,8619956970215
942,811    0,00125747406855226    34,2006607055664
952,735    0,00117647065781057    34,463321685791
962,657    0,00133847747929394    34,8019905090332
972,581    0,00109546724706888    35,1777000427246
982,505    0,00125747406855226    35,5158882141113
992,429    0,00117647065781057    35,8165512084961
1002,352    0,00109546724706888    35,9291191101074
1012,276    0,00133847747929394    36,3803558349609
1022,199    0,00101342529524118    36,4554023742676
1032,122    0,00117647065781057    36,4554023742676
1042,046    0,00133847747929394    37,0192070007324
1051,97    0,00109546724706888    37,2073020935059
1061,894    0,00133847747929394    37,3198699951172
1071,817    0,00101342529524118    37,6205368041992
1081,74    0,00109546724706888    37,9587211608887
1091,664    0,00133847747929394    38,371955871582
1101,587    0,00101342529524118    38,6726188659668
1111,511    0,00109546724706888    38,7856712341309
1121,435    0,00125747406855226    39,0488090515137
1131,359    0,00141948089003563    39,2739486694336
1141,281    0,00117647065781057    39,6876602172852
1151,205    0,00101342529524118    40,0258483886719
1161,129    0,00117647065781057    40,0258483886719
1171,052    0,00109546724706888    40,3265113830566
1180,976    0,00101342529524118    40,6646995544434
1190,9    0,00101342529524118    40,73974609375
1200,823    0,00101342529524118    41,2285041809082
1210,746    0,00101342529524118    41,3035507202148
1220,67    0,00109546724706888    41,6042137145996
1230,594    0,00101342529524118    41,9424018859863
1240,517    0,00117647065781057    42,1304969787598
1250,441    0,00117647065781057    42,5812530517578
1260,364    0,00125747406855226    42,8443946838379
1270,288    0,00133847747929394    43,1825828552246
1280,211    0,00117647065781057    43,4457206726074
1290,135    0,00117647065781057    43,5587730407715
1300,059    0,00109546724706888    43,9344825744629
1309,982    0,00109546724706888    44,0845718383789
1319,906    0,00117647065781057    44,2351455688477
1329,829    0,00117647065781057    44,4982872009277
1339,753    0,00117647065781057    44,7614288330078
1349,676    0,00141948089003563    45,1746597290039
1359,6    0,00133847747929394    45,5503692626953
1369,524    0,00133847747929394    45,9640846252441
1379,447    0,00117647065781057    46,2272262573242
1389,37    0,00117647065781057    46,3773193359375
1399,294    0,00117647065781057    46,6779823303223
1409,218    0,00117647065781057    47,016170501709
1419,141    0,00117647065781057    47,016170501709
1429,065    0,00117647065781057    47,3543548583984
1438,989    0,00109546724706888    47,6550216674805
1448,912    0,00133847747929394    47,805591583252
1458,835    0,00133847747929394    48,0312118530273
1468,759    0,00117647065781057    48,2188262939453
1478,683    0,00125747406855226    48,3693962097168
1488,606    0,00101342529524118    48,4819679260254
1498,53    0,00125747406855226    48,7075843811035
1508,453    0,00125747406855226    49,2338676452637
1518,377    0,00125747406855226    49,2713890075684
1528,3    0,00125747406855226    49,5345306396484
1538,224    0,00125747406855226    49,9477653503418
1548,148    0,00117647065781057    50,3234748840332
1558,071    0,00101342529524118    50,4740447998047
1567,994    0,00117647065781057    50,5490913391113
1577,918    0,00109546724706888    50,9248008728027
1587,842    0,00117647065781057    51,2629890441895
1597,765    0,00117647065781057    51,3760375976563
1607,689    0,00133847747929394    51,4886093139648
1617,613    0,00117647065781057    51,8643188476563
1627,535    0,00141948089003563    52,164981842041
1637,459    0,00141948089003563    52,6162185668945
1647,383    0,00133847747929394    52,8793601989746
1657,307    0,00141948089003563    53,1800231933594
1667,23    0,00133847747929394    53,5557327270508
1677,154    0,00117647065781057    53,5932579040527
1687,077    0,00117647065781057    53,6683006286621
1697    0,00101342529524118    53,8563957214355
1706,924    0,00133847747929394    53,9689674377441
1716,848    0,00117647065781057    54,0064888000488
1726,772    0,00101342529524118    53,9314422607422
1736,695    0,00117647065781057    54,0820159912109
1746,618    0,00117647065781057    54,3071517944336
1756,542    0,00117647065781057    54,2321090698242
1766,465    0,00117647065781057    54,3071517944336
1776,389    0,000932421826291829    54,345157623291
1786,313    0,00109546724706888    54,345157623291
1796,237    0,00133847747929394    54,6078186035156
1806,159    0,00117647065781057    54,5702934265137
1816,083    0,000932421826291829    54,7208671569824
1826,007    0,00101342529524118    54,7583885192871
1835,931    0,00125747406855226    54,8334350585938
1845,854    0,00125747406855226    54,9464836120605
1855,778    0,00125747406855226    55,2091445922852
1865,701    0,00133847747929394    55,2846717834473
1875,624    0,00117647065781057    55,3972396850586
1885,548    0,00133847747929394    55,5098075866699
1895,472    0,00117647065781057    55,6603813171387
1905,396    0,00109546724706888    55,6603813171387
1915,319    0,00117647065781057    55,6979064941406
1925,242    0,00101342529524118    55,6603813171387
1935,166    0,00125747406855226    55,6979064941406
1945,089    0,00109546724706888    55,8860015869141
1955,013    0,000932421826291829    55,6979064941406
1964,937    0,00101342529524118    55,9235229492188
1974,861    0,00109546724706888    55,8860015869141
1984,783    0,00117647065781057    56,1111373901367
1994,707    0,00109546724706888    55,9235229492188
2004,631    0,00133847747929394    56,1491432189941
2014,555    0,00133847747929394    56,2992324829102
2024,478    0,00117647065781057    56,6374206542969
2034,402    0,00117647065781057    56,7124671936035
2044,325    0,00125747406855226    56,7124671936035
2054,248    0,00109546724706888    56,7124671936035
2064,172    0,00117647065781057    56,7504692077637
2074,096    0,00117647065781057    56,7504692077637
2084,02    0,00133847747929394    56,8255157470703
2093,943    0,00125747406855226    56,900562286377
2103,866    0,00101342529524118    57,2387466430664
2113,79    0,00117647065781057    57,4268455505371
2123,713    0,00117647065781057    57,6899833679199
2133,637    0,00109546724706888    57,6144599914551
2143,561    0,00109546724706888    57,6524620056152
2153,485    0,00101342529524118    57,6899833679199
2163,407    0,00117647065781057    57,6899833679199
2173,331    0,00101342529524118    57,7650299072266
2183,255    0,00101342529524118    57,990650177002
2193,178    0,00109546724706888    58,0281715393066
2203,102    0,00125747406855226    58,1032180786133
2213,026    0,00125747406855226    58,2157859802246
2222,949    0,00117647065781057    58,0656967163086
2232,872    0,00101342529524118    58,0281715393066
2242,796    0,00101342529524118    58,0281715393066
2252,72    0,00109546724706888    57,9151229858398
2262,643    0,00109546724706888    57,9151229858398
2272,567    0,000932421826291829    57,8400764465332
2282,49    0,00117647065781057    57,9151229858398
2292,414    0,00109546724706888    57,9151229858398
2302,337    0,00109546724706888    57,9151229858398
2312,261    0,00109546724706888    58,0656967163086
2322,185    0,00101342529524118    58,1032180786133
2332,109    0,00101342529524118    58,253791809082
2342,031    0,00125747406855226    58,253791809082
2351,955    0,00101342529524118    58,2913131713867
2361,879    0,00101342529524118    58,3288345336914
2371,802    0,00101342529524118    58,403881072998
2381,726    0,00109546724706888    58,44140625
2391,65    0,00125747406855226    58,44140625
2401,573    0,000932421826291829    58,6670227050781
2411,496    0,00109546724706888    58,7420692443848
2421,42    0,00125747406855226    58,8551177978516
2431,344    0,00133847747929394    59,0052108764648
2441,267    0,00117647065781057    59,230827331543
2451,191    0,00109546724706888    59,2683525085449
2461,114    0,000932421826291829    59,230827331543
2471,038    0,00101342529524118    59,230827331543
2480,961    0,00101342529524118    59,230827331543
2490,885    0,000932421826291829    59,1177787780762
2500,809    0,00117647065781057    59,1557807922363
2510,732    0,00101342529524118    59,1177787780762
2520,655    0,00117647065781057    59,1177787780762
2530,579    0,000932421826291829    59,0427322387695
2540,503    0,00117647065781057    58,8926429748535
2550,426    0,00109546724706888    58,7795906066895
2560,35    0,00101342529524118    58,44140625
2570,274    0,00101342529524118    58,0656967163086
2580,197    0,000932421826291829    57,7650299072266
2590,12    0,000932421826291829    57,5769348144531
2600,044    0,00117647065781057    57,4268455505371
2609,968    0,00101342529524118    57,0886573791504
2619,891    0,00101342529524118    56,7879943847656
2629,815    0,00101342529524118    56,7124671936035
2639,739    0,00117647065781057    56,7124671936035
2649,662    0,00101342529524118    56,5998954772949
2659,585    0,000932421826291829    56,2617111206055
2669,509    0,00109546724706888    56,3367576599121
2679,433    0,00117647065781057    56,2617111206055
2689,356    0,00109546724706888    56,2992324829102
2699,28    0,000932421826291829    56,1491432189941
2709,203    0,00117647065781057    56,0360908508301
2719,127    0,00109546724706888    55,8484764099121
2729,05    0,000932421826291829    55,77294921875
2738,974    0,00101342529524118    55,585334777832
2748,898    0,000932421826291829    55,5098075866699
2758,822    0,00101342529524118    55,4722862243652
2768,744    0,00101342529524118    55,3972396850586
2778,668    0,00109546724706888    55,5478134155273
2788,592    0,00117647065781057    55,6603813171387
2798,515    0,00117647065781057    55,585334777832
2808,439    0,00101342529524118    55,6603813171387
2818,363    0,00117647065781057    55,8484764099121
2828,286    0,00101342529524118    55,810474395752
2838,209    0,00101342529524118    56,1491432189941
2848,133    0,00109546724706888    56,2617111206055
2858,057    0,000932421826291829    56,4873275756836
2867,98    0,00101342529524118    56,4873275756836
2877,904    0,00109546724706888    56,5998954772949
2887,827    0,00109546724706888    56,7879943847656
2897,751    0,00101342529524118    56,8255157470703
2907,674    0,00109546724706888    56,863037109375
2917,598    0,00125747406855226    56,863037109375
2927,522    0,00117647065781057    56,8255157470703
2937,445    0,00117647065781057    56,9756088256836
2947,368    0,00101342529524118    57,0511322021484
2957,292    0,000932421826291829    57,2387466430664
2967,216    0,00101342529524118    57,5769348144531
2977,139    0,00117647065781057    57,6144599914551
2987,063    0,00117647065781057    57,8400764465332
2996,987    0,00109546724706888    58,0281715393066
3006,909    0,00117647065781057    58,0656967163086
3016,833    0,00109546724706888    58,253791809082
3026,757    0,00133847747929394    58,44140625
3036,681    0,00125747406855226    58,7045440673828
3046,604    0,00109546724706888    58,9676856994629
3056,528    0,00117647065781057    59,230827331543
3066,451    0,00125747406855226    59,493968963623
3076,375    0,00141948089003563    59,7946319580078
3086,298    0,00133847747929394    60,0952987670898
3096,222    0,00133847747929394    60,3584403991699
3106,146    0,00141948089003563    60,6591033935547
3116,069    0,00125747406855226    60,9597663879395
3125,992    0,00125747406855226    61,2979545593262
3135,916    0,00141948089003563    61,6361427307129
3145,84    0,00133847747929394    61,9368057250977
3155,763    0,00101342529524118    62,1244201660156
3165,687    0,00125747406855226    62,1244201660156
3175,611    0,00101342529524118    62,0868949890137
3185,533    0,00125747406855226    62,1624221801758
3195,457    0,00101342529524118    62,2749938964844
3205,381    0,000932421826291829    62,4250831604004
3215,305    0,00109546724706888    62,5006103515625
3225,228    0,00125747406855226    62,6507034301758
3235,152    0,000932421826291829    62,9888877868652
3245,075    0,00125747406855226    63,1769828796387
3254,998    0,00117647065781057    63,3650817871094
3264,922    0,00117647065781057    63,7783126831055
3274,846    0,00109546724706888    64,0414505004883
3284,77    0,00101342529524118    64,1540222167969
3294,693    0,00101342529524118    64,4171676635742
3304,616    0,00117647065781057    64,7553482055664
3314,54    0,00101342529524118    64,8684005737305
3324,463    0,00101342529524118    64,9809722900391
3334,387    0,00117647065781057    64,9809722900391
3344,311    0,00109546724706888    65,0935363769531
3354,235    0,00109546724706888    65,2441101074219
3364,157    0,00101342529524118    65,3942031860352
3374,081    0,00117647065781057    65,6198196411133
3384,005    0,00117647065781057    65,8079147338867
3393,928    0,00101342529524118    65,7323913574219
3403,852    0,00117647065781057    65,8829650878906
3413,776    0,00109546724706888    65,9580078125
3423,699    0,00117647065781057    65,9580078125
3433,622    0,000932421826291829    65,8829650878906
3443,546    0,00109546724706888    65,8454360961914
3453,47    0,00117647065781057    66,1085815429688
3463,393    0,00125747406855226    66,1461029052734
3473,317    0,00101342529524118    66,1085815429688
3483,24    0,00101342529524118    66,0330505371094
3493,164    0,00101342529524118    66,1461029052734
3503,087    0,00109546724706888    66,1461029052734
3513,011    0,00117647065781057    66,1836242675781
3522,935    0,00117647065781057    66,2211456298828
3532,858    0,00109546724706888    66,2961959838867
3542,781    0,00109546724706888    66,3337173461914
3552,705    0,00101342529524118    66,1461029052734
3562,629    0,00109546724706888    66,1461029052734
3572,552    0,00101342529524118    66,1085815429688
3582,476    0,000932421826291829    66,1085815429688
3592,4    0,00109546724706888    66,4092407226563
3602,322    0,00101342529524118    66,3717193603516
3612,246    0,00101342529524118    66,4467697143555
3622,17    0,00101342529524118    66,4092407226563
3632,094    0,00125747406855226    66,4467697143555
3642,017    0,00101342529524118    66,4092407226563
3651,941    0,00101342529524118    66,4092407226563
3661,864    0,00101342529524118    66,4092407226563
3671,787    0,00109546724706888    66,4467697143555
3681,711    0,00117647065781057    66,5218124389648
3691,635    0,00117647065781057    66,4467697143555
3701,559    0,00117647065781057    66,3337173461914
3711,482    0,000851418415550143    66,1461029052734
3721,405    0,00117647065781057    66,258674621582
3731,329    0,00117647065781057    66,2211456298828
3741,252    0,00109546724706888    66,1461029052734
3751,176    0,000932421826291829    66,258674621582
3761,1    0,00101342529524118    66,2961959838867
3771,024    0,00101342529524118    66,2961959838867
3780,946    0,00117647065781057    66,4092407226563
3790,87    0,00125747406855226    66,4092407226563
3800,794    0,00117647065781057    66,5593338012695
3810,717    0,00117647065781057    66,6723861694336
3820,641    0,00117647065781057    66,8224792480469
3830,565    0,00109546724706888    66,5968551635742
3840,488    0,00109546724706888    66,7099075317383
3850,411    0,00125747406855226    66,747428894043
3860,335    0,00101342529524118    66,7849502563477
3870,259    0,00117647065781057    66,7849502563477
3880,182    0,00117647065781057    66,8600006103516
3890,106    0,00125747406855226    66,8600006103516
3900,029    0,00109546724706888    67,1606674194336
3909,953    0,00109546724706888    67,2737121582031
3919,876    0,00101342529524118    67,3112335205078
3929,8    0,000932421826291829    67,4238052368164
3939,724    0,00109546724706888    67,4613265991211
3949,647    0,00109546724706888    67,7244720458984
3959,571    0,00109546724706888    67,9125671386719
3969,494    0,00117647065781057    67,9876098632813
3979,418    0,00117647065781057    68,1377029418945
3989,341    0,00117647065781057    68,3633193969727
3999,265    0,00125747406855226    68,5514144897461
4009,189    0,00117647065781057    68,7015075683594
4019,112    0,00117647065781057    69,0396957397461
4029,035    0,00125747406855226    69,1902694702148
4038,959    0,00117647065781057    69,528450012207
4048,883    0,00125747406855226    69,7915954589844
4058,806    0,00125747406855226    70,2048263549805
4068,73    0,00101342529524118    70,3929214477539
4078,654    0,00141948089003563    70,7686309814453
4088,576    0,00141948089003563    71,106819152832
4098,5    0,00133847747929394    71,5955810546875
4108,424    0,00141948089003563    71,9712905883789
4118,347    0,00150048441719264    72,196907043457
4128,271    0,00150048441719264    72,8732833862305
4138,195    0,00133847747929394    73,2114715576172
4148,118    0,00133847747929394    73,5121307373047
4158,041    0,00133847747929394    73,7002258300781
4167,965    0,00141948089003563    74,1889877319336
4177,889    0,00133847747929394    74,6022186279297
4187,812    0,00141948089003563    74,9028854370117
4197,736    0,00133847747929394    75,2785949707031
4207,659    0,00133847747929394    75,5417327880859
4217,583    0,00133847747929394    75,6923065185547
4227,506    0,00133847747929394    75,9929733276367
4237,43    0,00133847747929394    76,2556304931641
4247,354    0,00141948089003563    76,5562973022461
4257,277    0,00133847747929394    76,8194351196289
4267,2    0,00117647065781057    77,0450592041016
4277,124    0,00133847747929394    77,1201019287109
4287,048    0,00133847747929394    77,1576232910156
4296,971    0,00133847747929394    77,2706756591797
4306,895    0,00133847747929394    77,6088638305664
4316,819    0,00117647065781057    77,7589569091797
4326,741    0,00141948089003563    78,0596160888672
4336,665    0,000932421826291829    77,9845733642578
4346,589    0,00141948089003563    78,2477111816406
4356,513    0,00125747406855226    78,4358062744141
4366,436    0,00133847747929394    78,6609420776367
4376,36    0,00150048441719264    78,9240875244141
4386,283    0,00133847747929394    79,2627563476563
4396,206    0,00141948089003563    79,5254135131836
4406,13    0,00133847747929394    79,9016036987305
4416,054    0,00141948089003563    80,2022705078125
4425,978    0,00141948089003563    80,6530227661133
4435,901    0,00133847747929394    80,9536895751953
4445,824    0,00133847747929394    81,2168273925781
4455,748    0,00133847747929394    81,5174942016602
4465,671    0,00133847747929394    81,9307250976563
4475,595    0,00141948089003563    81,9687347412109
4485,519    0,00133847747929394    82,1188201904297
4495,443    0,00133847747929394    82,4194869995117
4505,365    0,00150048441719264    82,6075820922852
4515,289    0,00158148782793432    82,8327178955078
4525,213    0,00133847747929394    83,2464370727539
4535,136    0,00133847747929394    83,3965225219727
4545,06    0,00133847747929394    83,65966796875
4554,984    0,00150048441719264    83,9978561401367
4564,907    0,00141948089003563    84,1859512329102
4574,83    0,00117647065781057    84,2609939575195
4584,754    0,00133847747929394    84,5241394042969
4594,678    0,00133847747929394    84,7122344970703
4604,601    0,00133847747929394    84,8998489379883
4614,525    0,00141948089003563    85,0128936767578
4624,448    0,00141948089003563    85,3886032104492
4634,372    0,00133847747929394    85,9148864746094
4644,295    0,00117647065781057    86,0649795532227
4654,219    0,00141948089003563    86,4406890869141
4664,143    0,00133847747929394    86,8544006347656
4674,066    0,00133847747929394    87,1550674438477
4683,989    0,00125747406855226    87,4932556152344
4693,913    0,00141948089003563    87,7939147949219
4703,837    0,00141948089003563    88,0570602416992
4713,76    0,00125747406855226    88,4702911376953
4723,684    0,00117647065781057    88,7709579467773
4733,608    0,00125747406855226    89,0340957641602
4743,53    0,00133847747929394    89,2972412109375
4753,454    0,00117647065781057    89,4853363037109
4763,378    0,00133847747929394    89,597900390625
4773,302    0,00141948089003563    89,597900390625
4783,225    0,00125747406855226    89,7479934692383
4793,149    0,00133847747929394    89,898567199707
4803,072    0,00150048441719264    90,0486602783203
4812,995    0,00141948089003563    90,3873291015625
4822,919    0,00125747406855226    90,6124649047852
4832,843    0,00109546724706888    91,1012268066406
4842,767    0,00133847747929394    91,2513122558594
4852,69    0,00133847747929394    91,4018859863281
4862,613    0,00133847747929394    91,5899810791016
4872,537    0,00117647065781057    91,7025527954102
4882,46    0,00133847747929394    92,266357421875
4892,384    0,00117647065781057    92,1913146972656
4902,308    0,00117647065781057    92,266357421875
4912,232    0,00117647065781057    92,1913146972656
4922,154    0,00117647065781057    92,1913146972656
4932,078    0,00109546724706888    92,1533050537109
4942,002    0,00125747406855226    92,1913146972656
4951,925    0,00117647065781057    92,3789291381836
4961,849    0,00141948089003563    92,7171096801758
4971,773    0,00125747406855226    92,8676834106445
4981,696    0,00150048441719264    93,1683502197266
4991,619    0,00141948089003563    93,5065383911133
5001,543    0,00141948089003563    93,6946334838867
5011,467    0,00141948089003563    94,1829071044922
5021,39    0,00141948089003563    94,4835739135742
5031,314    0,00125747406855226    94,9723358154297
5041,237    0,00150048441719264    95,2354736328125
5051,161    0,00141948089003563    95,6862335205078
5061,084    0,00141948089003563    95,9493713378906
5071,008    0,00150048441719264    96,5131759643555
5080,932    0,00141948089003563    96,6632690429688
5090,855    0,00158148782793432    96,7763214111328
5100,778    0,00150048441719264    96,9264068603516
5110,702    0,00158148782793432    97,3776473999023
5120,626    0,00141948089003563    97,4902191162109
5130,549    0,00141948089003563    97,6407852172852
5140,473    0,00133847747929394    97,9789733886719
5150,397    0,00150048441719264    97,9414520263672
5160,319    0,00158148782793432    98,2796401977539
5170,243    0,00133847747929394    98,505256652832
