sec"	"mA"	"mV
9,976    -0,0013387898216024    0,225619286298752
19,904    -0,000284706708043814    0,450756549835205
29,832    0,000283355853753164    0,526283383369446
39,759    0,000202352399355732    0,71389776468277
49,687    0,000527404656168073    0,939516127109528
59,614    0,000364359264494851    1,12761163711548
69,537    0,000527404656168073    1,4657986164093
79,461    0,00060840806690976    1,61589014530182
89,385    0,000932421826291829    1,91655421257019
99,308    0,00101342529524118    2,21721839904785
109,232    0,00101342529524118    2,59292817115784
119,156    0,00109546724706888    2,85606932640076
129,078    0,000932421826291829    3,30730605125427
139,002    0,00101342529524118    3,57044720649719
148,926    0,000932421826291829    3,83358860015869
158,85    0,00101342529524118    3,90863418579102
168,773    0,00101342529524118    4,09624862670898
178,697    0,00109546724706888    4,3593897819519
188,62    0,000932421826291829    4,50996255874634
198,544    0,00101342529524118    4,58500814437866
208,467    0,00101342529524118    4,7355809211731
218,391    0,000932421826291829    4,81062650680542
228,315    0,000932421826291829    4,96071815490723
238,238    0,00109546724706888    4,96071815490723
248,161    0,000851418415550143    4,8856725692749
258,085    0,000932421826291829    5,14881372451782
268,009    0,000932421826291829    5,29890489578247
277,932    0,00101342529524118    5,41195487976074
287,856    0,00117647065781057    5,56204652786255
297,78    0,000932421826291829    5,75014162063599
307,703    0,00109546724706888    5,78766489028931
317,626    0,00109546724706888    6,01328277587891
327,55    0,00101342529524118    6,01328277587891
337,474    0,000932421826291829    6,01328277587891
347,397    0,00117647065781057    6,20089721679688
357,321    0,00101342529524118    6,46403884887695
367,244    0,00101342529524118    6,50156164169312
377,168    0,00109546724706888    6,65213394165039
387,091    0,000932421826291829    6,57708835601807
397,015    0,000932421826291829    6,84022951126099
406,939    0,00117647065781057    6,91527509689331
416,863    0,00101342529524118    6,95279836654663
426,785    0,00101342529524118    7,14089345932007
436,709    0,00109546724706888    7,21593952178955
446,633    0,00101342529524118    7,17841672897339
456,556    0,00117647065781057    7,40355396270752
466,48    0,00117647065781057    8,00488185882568
476,404    0,00117647065781057    8,04288578033447
486,327    0,00101342529524118    8,4185962677002
496,25    0,00101342529524118    8,75678253173828
506,174    0,00101342529524118    8,98240089416504
516,098    0,00101342529524118    9,05744647979736
526,022    0,000932421826291829    9,24554252624512
535,945    0,00101342529524118    9,28306484222412
545,868    0,000932421826291829    9,50820255279541
555,792    0,00109546724706888    9,32058811187744
565,715    0,00101342529524118    9,43315696716309
575,639    0,00101342529524118    9,50820255279541
585,563    0,00117647065781057    9,32058811187744
595,487    0,00117647065781057    9,09496974945068
605,409    0,00101342529524118    9,132493019104
615,333    0,00101342529524118    9,05744647979736
625,257    0,00101342529524118    8,90687465667725
635,181    0,00109546724706888    8,75678253173828
645,104    0,00101342529524118    8,56868743896484
655,028    0,00101342529524118    8,75678253173828
664,951    0,00101342529524118    8,83182811737061
674,874    0,00101342529524118    9,01992416381836
684,798    0,00101342529524118    9,05744647979736
694,722    0,00117647065781057    9,20753860473633
704,646    0,000851418415550143    9,39563369750977
714,569    0,00109546724706888    9,39563369750977
724,492    0,00109546724706888    9,65877532958984
734,416    0,00101342529524118    9,77134418487549
744,34    0,00101342529524118    9,80886650085449
754,263    0,000932421826291829    9,8843936920166
764,187    0,00101342529524118    9,80886650085449
774,111    0,00101342529524118    9,65877532958984
784,033    0,00101342529524118    9,69629764556885
793,957    0,00101342529524118    9,65877532958984
803,881    0,00101342529524118    9,65877532958984
813,805    0,00117647065781057    9,73382091522217
823,728    0,00117647065781057    9,80886650085449
833,652    0,00109546724706888    9,8843936920166
843,575    0,000932421826291829    10,0344848632813
853,499    0,00101342529524118    9,99696254730225
863,422    0,000932421826291829    10,3726720809937
873,346    0,00125747406855226    10,5232448577881
883,27    0,00109546724706888    10,7488632202148
893,193    0,00109546724706888    10,7488632202148
903,116    0,00109546724706888    10,8239088058472
913,04    0,00101342529524118    11,0870494842529
922,964    0,00117647065781057    11,0870494842529
932,887    0,00117647065781057    11,350191116333
942,811    0,00109546724706888    11,4252367019653
952,735    0,00117647065781057    11,7259006500244
962,658    0,00109546724706888    11,9890422821045
972,581    0,00101342529524118    12,1391334533691
982,505    0,00109546724706888    12,1391334533691
992,429    0,00101342529524118    12,1766567230225
1002,352    0,000932421826291829    12,4397974014282
1012,276    0,00133847747929394    12,7404623031616
1022,199    0,00117647065781057    12,9285573959351
1032,123    0,00101342529524118    12,8910341262817
1042,046    0,00109546724706888    13,116171836853
1051,97    0,00117647065781057    13,1916990280151
1061,894    0,00101342529524118    13,3042669296265
1071,818    0,00101342529524118    13,5674085617065
1081,74    0,00101342529524118    13,7174997329712
1091,664    0,00117647065781057    13,7174997329712
1101,588    0,00117647065781057    13,9806413650513
1111,511    0,00109546724706888    14,1312141418457
1121,435    0,00101342529524118    14,2813053131104
1131,359    0,00101342529524118    14,6950187683105
1141,282    0,00101342529524118    14,9581604003906
1151,205    0,00117647065781057    14,9956836700439
1161,129    0,00109546724706888    15,0332059860229
1171,053    0,00117647065781057    15,2208204269409
1180,977    0,00133847747929394    15,5970115661621
1190,9    0,000932421826291829    15,8221473693848
1200,823    0,00101342529524118    16,1228122711182
1210,747    0,00109546724706888    16,2733840942383
1220,67    0,000851418415550143    16,3109073638916
1230,594    0,00117647065781057    16,3859539031982
1240,518    0,00101342529524118    16,611572265625
1250,442    0,00117647065781057    16,686616897583
1260,364    0,000932421826291829    16,9497585296631
1270,288    0,00101342529524118    17,1378536224365
1280,212    0,00101342529524118    17,1378536224365
1290,135    0,00101342529524118    17,2504234313965
1300,059    0,00101342529524118    17,3634719848633
1309,983    0,00101342529524118    17,2879447937012
1319,907    0,000932421826291829    17,2879447937012
1329,829    0,00117647065781057    17,5135631561279
1339,753    0,000932421826291829    17,5510864257813
1349,677    0,00117647065781057    17,8142280578613
1359,6    0,00101342529524118    18,1899375915527
1369,524    0,00117647065781057    18,4530792236328
1379,448    0,00101342529524118    18,6786975860596
1389,371    0,00109546724706888    18,6411743164063
1399,294    0,00101342529524118    18,8287887573242
1409,218    0,00109546724706888    18,7912654876709
1419,142    0,00101342529524118    18,9418392181396
1429,066    0,00101342529524118    19,054407119751
1438,989    0,00101342529524118    19,1294536590576
1448,912    0,00109546724706888    19,2425022125244
1458,836    0,00101342529524118    19,5056438446045
1468,759    0,000932421826291829    19,5806903839111
1478,683    0,00117647065781057    19,8813533782959
1488,607    0,00109546724706888    20,0694484710693
1498,531    0,00117647065781057    20,3321094512939
1508,453    0,00117647065781057    20,7082996368408
1518,377    0,00141948089003563    21,1965789794922
1528,301    0,00141948089003563    21,685338973999
1538,224    0,00133847747929394    21,9484786987305
1548,148    0,00133847747929394    22,2866668701172
1558,072    0,00133847747929394    22,587329864502
1567,995    0,00141948089003563    22,850471496582
1577,918    0,00133847747929394    23,0760898590088
1587,842    0,00109546724706888    23,4142780303955
1597,766    0,00133847747929394    23,6394138336182
1607,69    0,00125747406855226    23,9025554656982
1617,613    0,00133847747929394    24,128173828125
1627,536    0,00150048441719264    24,5794105529785
1637,46    0,00125747406855226    24,8045482635498
1647,383    0,00117647065781057    24,9926433563232
1657,307    0,00133847747929394    25,3683528900146
1667,231    0,00117647065781057    25,6314945220947
1677,155    0,00133847747929394    25,7820663452148
1687,077    0,00117647065781057    25,9696807861328
1697,001    0,00141948089003563    26,4209175109863
1706,925    0,00141948089003563    26,8341503143311
1716,849    0,00101342529524118    27,1723384857178
1726,772    0,00117647065781057    27,2853870391846
1736,696    0,00117647065781057    27,586051940918
1746,619    0,00133847747929394    27,8111896514893
1756,542    0,00133847747929394    28,036808013916
1766,466    0,00117647065781057    28,2249031066895
1776,39    0,00117647065781057    28,2624263763428
1786,314    0,00109546724706888    28,3749942779541
1796,237    0,00109546724706888    28,7131805419922
1806,16    0,00109546724706888    28,7131805419922
1816,084    0,00101342529524118    28,7131805419922
1826,008    0,00117647065781057    28,7887077331543
1835,931    0,00109546724706888    28,9763221740723
1845,855    0,00117647065781057    29,1644172668457
1855,779    0,00117647065781057    29,1644172668457
1865,701    0,00141948089003563    29,5401287078857
1875,625    0,00117647065781057    29,7657470703125
1885,549    0,00101342529524118    29,9533615112305
1895,473    0,00117647065781057    29,9158382415771
1905,396    0,00125747406855226    30,0288867950439
1915,32    0,00117647065781057    29,9913654327393
1925,243    0,00109546724706888    30,292028427124
1935,167    0,00125747406855226    30,4421195983887
1945,09    0,00109546724706888    30,5546894073486
1955,014    0,00117647065781057    30,6302165985107
1964,938    0,00125747406855226    30,8178310394287
1974,861    0,00109546724706888    30,8553524017334
1984,784    0,00101342529524118    30,8553524017334
1994,708    0,00133847747929394    30,9308795928955
2004,632    0,00101342529524118    30,9684028625488
2014,555    0,00101342529524118    31,1560173034668
2024,479    0,00101342529524118    31,0809707641602
2034,403    0,00109546724706888    31,1560173034668
2044,325    0,00109546724706888    31,2690658569336
2054,249    0,00101342529524118    31,2690658569336
2064,173    0,00101342529524118    31,2690658569336
2074,097    0,00117647065781057    31,3065891265869
2084,02    0,00117647065781057    31,569730758667
2093,944    0,00133847747929394    32,0204849243164
2103,867    0,00125747406855226    32,2085838317871
2113,791    0,00133847747929394    32,4717216491699
2123,714    0,00109546724706888    32,772388458252
2133,638    0,00117647065781057    32,8099098205566
2143,562    0,00117647065781057    33,035530090332
2153,485    0,00133847747929394    33,2986679077148
2163,408    0,00133847747929394    33,4112396240234
2173,332    0,00141948089003563    33,7494239807129
2183,256    0,00133847747929394    33,8999977111816
2193,179    0,00133847747929394    34,275707244873
2203,103    0,000932421826291829    34,4258003234863
2213,027    0,00133847747929394    34,7264633178711
2222,949    0,00125747406855226    34,9520835876465
2232,873    0,00133847747929394    35,2527465820313
2242,797    0,00133847747929394    35,590934753418
2252,721    0,00150048441719264    35,9291191101074
2262,644    0,00158148782793432    36,3053092956543
2272,568    0,00133847747929394    36,643497467041
2282,491    0,00141948089003563    37,0567321777344
2292,414    0,00141948089003563    37,3573951721191
2302,338    0,00141948089003563    37,6580581665039
2312,262    0,00141948089003563    38,0337677001953
2322,186    0,00125747406855226    38,4099578857422
2332,109    0,00117647065781057    38,5600509643555
2342,032    0,00133847747929394    38,6726188659668
2351,956    0,00117647065781057    39,0488090515137
2361,879    0,00133847747929394    39,3869972229004
2371,803    0,00141948089003563    39,6126174926758
2381,727    0,00133847747929394    40,0633697509766
2391,65    0,00117647065781057    40,0258483886719
2401,573    0,00141948089003563    40,4390830993652
2411,497    0,00141948089003563    40,5896530151367
2421,421    0,00133847747929394    41,0404090881348
2431,344    0,00117647065781057    41,3035507202148
2441,268    0,00133847747929394    41,6792602539063
2451,192    0,00125747406855226    41,7547874450684
2461,115    0,00117647065781057    41,9424018859863
2471,038    0,00125747406855226    42,0179290771484
2480,962    0,00133847747929394    42,1680221557617
2490,886    0,00109546724706888    42,4686851501465
2500,809    0,00101342529524118    42,6567802429199
2510,733    0,00117647065781057    42,5812530517578
2520,656    0,00125747406855226    42,8443946838379
2530,58    0,00117647065781057    42,919921875
2540,503    0,00101342529524118    42,8068695068359
2550,427    0,00133847747929394    42,919921875
2560,351    0,00125747406855226    43,2581062316895
2570,274    0,00141948089003563    43,4832458496094
2580,197    0,00133847747929394    43,8219146728516
2590,121    0,00125747406855226    44,160099029541
2600,045    0,00133847747929394    44,6108551025391
2609,968    0,00133847747929394    45,0245704650879
2619,892    0,00150048441719264    45,2872314453125
2629,816    0,00133847747929394    45,5878944396973
2639,739    0,00141948089003563    46,0391311645508
2649,662    0,00141948089003563    46,3773193359375
2659,586    0,00133847747929394    46,527889251709
2669,51    0,00133847747929394    46,7530288696289
2679,433    0,00133847747929394    47,016170501709
2689,357    0,00141948089003563    47,0912132263184
2699,281    0,00141948089003563    47,5049285888672
2709,203    0,00141948089003563    47,805591583252
2719,127    0,00133847747929394    48,0312118530273
2729,051    0,00141948089003563    48,3318748474121
2738,975    0,00133847747929394    48,4069213867188
2748,898    0,00133847747929394    48,6325378417969
2758,822    0,00141948089003563    48,8951988220215
2768,745    0,00133847747929394    49,0832939147949
2778,668    0,00117647065781057    49,346435546875
2788,592    0,00133847747929394    49,7221450805664
2798,516    0,00125747406855226    50,1733818054199
2808,44    0,00109546724706888    50,2484283447266
2818,363    0,00117647065781057    50,2859497070313
2828,286    0,00109546724706888    50,3609962463379
2838,21    0,00133847747929394    50,2859497070313
2848,133    0,00133847747929394    50,5490913391113
2858,057    0,00141948089003563    50,9623260498047
2867,981    0,00133847747929394    51,1879425048828
2877,905    0,00117647065781057    51,2629890441895
2887,827    0,00117647065781057    51,4886093139648
2897,751    0,00125747406855226    51,6767044067383
2907,675    0,00133847747929394    51,6767044067383
2917,599    0,00133847747929394    51,8267936706543
2927,522    0,00125747406855226    51,8267936706543
2937,446    0,00109546724706888    51,9018402099609
2947,369    0,00125747406855226    51,977367401123
2957,292    0,00133847747929394    52,3155555725098
2967,216    0,00117647065781057    52,2405090332031
2977,14    0,00109546724706888    52,3905982971191
2987,064    0,00117647065781057    52,3530769348145
2996,987    0,00101342529524118    52,6162185668945
3006,91    0,00101342529524118    52,6537399291992
3016,834    0,00133847747929394    52,9168815612793
3026,757    0,00133847747929394    53,1425018310547
3036,681    0,00109546724706888    53,3301162719727
3046,605    0,00125747406855226    53,3676376342773
3056,529    0,00117647065781057    53,4431648254395
3066,451    0,00125747406855226    53,5182113647461
3076,375    0,00117647065781057    53,4806861877441
3086,299    0,00133847747929394    53,6683006286621
3096,222    0,00125747406855226    53,7058258056641
3106,146    0,00117647065781057    53,7813529968262
3116,07    0,00141948089003563    54,0820159912109
3125,993    0,00133847747929394    54,2696304321289
3135,916    0,00141948089003563    54,7208671569824
3145,84    0,00141948089003563    54,8709602355957
3155,764    0,00117647065781057    55,3597183227539
3165,687    0,00117647065781057    55,5098075866699
3175,611    0,00133847747929394    55,6979064941406
3185,534    0,00141948089003563    55,8484764099121
3195,458    0,00141948089003563    56,3742790222168
3205,381    0,00141948089003563    56,7124671936035
3215,305    0,00133847747929394    56,9756088256836
3225,229    0,00117647065781057    57,5394134521484
3235,152    0,00141948089003563    57,7650299072266
3245,075    0,00141948089003563    57,990650177002
3254,999    0,00141948089003563    58,4789276123047
3264,923    0,00158148782793432    58,8926429748535
3274,846    0,00133847747929394    59,1177787780762
3284,77    0,00141948089003563    59,230827331543
3294,694    0,00158148782793432    59,719108581543
3304,617    0,00125747406855226    59,9072036743164
3314,54    0,00150048441719264    60,1703453063965
3324,464    0,00141948089003563    60,3584403991699
3334,388    0,00141948089003563    60,7341499328613
3344,311    0,00150048441719264    60,9217643737793
3354,235    0,00141948089003563    61,4855690002441
3364,158    0,00141948089003563    61,7862319946289
3374,082    0,00133847747929394    61,9368057250977
3384,005    0,00133847747929394    62,0868949890137
3393,929    0,00141948089003563    62,3500366210938
3403,853    0,00117647065781057    62,3500366210938
3413,776    0,00141948089003563    62,6507034301758
3423,699    0,00141948089003563    62,8012733459473
3433,623    0,00133847747929394    63,0644149780273
3443,547    0,00133847747929394    63,2895545959473
3453,47    0,00125747406855226    63,327075958252
3463,394    0,00133847747929394    63,8158340454102
3473,318    0,00133847747929394    63,8158340454102
3483,24    0,00125747406855226    64,0414505004883
3493,164    0,00125747406855226    64,1915435791016
3503,088    0,00133847747929394    64,5297317504883
3513,012    0,00133847747929394    64,7553482055664
3522,935    0,00109546724706888    64,680305480957
3532,859    0,00117647065781057    64,7553482055664
3542,782    0,00125747406855226    64,9809722900391
3552,705    0,00117647065781057    64,9809722900391
3562,629    0,00125747406855226    64,9809722900391
3572,553    0,00109546724706888    64,9809722900391
3582,477    0,00117647065781057    65,2441101074219
3592,4    0,00117647065781057    65,3942031860352
3602,323    0,00117647065781057    65,5447769165039
3612,247    0,00125747406855226    65,8079147338867
3622,17    0,00117647065781057    65,8079147338867
3632,094    0,00133847747929394    65,9204864501953
3642,018    0,00133847747929394    66,2211456298828
3651,942    0,00133847747929394    66,2961959838867
3661,864    0,00117647065781057    66,3337173461914
3671,788    0,00133847747929394    66,5218124389648
3681,712    0,00125747406855226    66,7099075317383
3691,635    0,00117647065781057    67,0856170654297
3701,559    0,00109546724706888    67,3862838745117
3711,483    0,00101342529524118    67,5743789672852
3721,406    0,00117647065781057    67,7244720458984
3731,329    0,00141948089003563    67,7995147705078
3741,253    0,00125747406855226    68,1001815795898
3751,177    0,00117647065781057    68,2882766723633
3761,1    0,00133847747929394    68,4763717651367
3771,024    0,00133847747929394    68,5514144897461
3780,947    0,00133847747929394    68,7015075683594
3790,871    0,00133847747929394    68,9271240234375
3800,794    0,00141948089003563    69,1152191162109
3810,718    0,00117647065781057    69,3028335571289
3820,642    0,00133847747929394    69,6410217285156
3830,565    0,00141948089003563    69,7540740966797
3840,488    0,00133847747929394    70,0547332763672
3850,412    0,00141948089003563    70,0547332763672
3860,336    0,00133847747929394    70,3178787231445
3870,259    0,00141948089003563    70,7686309814453
3880,183    0,00125747406855226    71,106819152832
3890,107    0,00101342529524118    71,1823501586914
3900,029    0,00117647065781057    71,5205307006836
3909,953    0,00125747406855226    71,5580596923828
3919,877    0,00133847747929394    71,8211975097656
3929,801    0,00133847747929394    72,0088119506836
3939,724    0,00141948089003563    72,0843353271484
3949,648    0,00141948089003563    72,3850021362305
3959,572    0,00141948089003563    72,4975738525391
3969,494    0,00125747406855226    72,8732833862305
3979,418    0,00133847747929394    73,0238571166992
3989,342    0,00133847747929394    73,0988998413086
3999,265    0,00133847747929394    73,5496520996094
4009,189    0,00133847747929394    73,9258499145508
4019,113    0,00133847747929394    74,3766021728516
4029,036    0,00141948089003563    74,752311706543
4038,959    0,00133847747929394    75,1285018920898
4048,883    0,00150048441719264    75,2035522460938
4058,807    0,00150048441719264    75,3536376953125
4068,73    0,00141948089003563    75,7673568725586
4078,654    0,00133847747929394    75,6923065185547
4088,577    0,00125747406855226    75,9929733276367
4098,501    0,00141948089003563    76,2936401367188
4108,424    0,00109546724706888    76,6318206787109
4118,348    0,00141948089003563    76,7443923950195
4128,272    0,00133847747929394    77,0450592041016
4138,195    0,00141948089003563    77,1576232910156
4148,118    0,00117647065781057    77,233154296875
4158,042    0,00133847747929394    77,5338134765625
4167,966    0,00125747406855226    77,6463851928711
4177,889    0,00101342529524118    77,4962921142578
4187,813    0,00101342529524118    77,7969589233398
4197,737    0,00141948089003563    77,7969589233398
4207,659    0,00141948089003563    78,0220947265625
4217,583    0,00133847747929394    78,3227615356445
4227,507    0,00133847747929394    78,5483779907227
4237,431    0,00133847747929394    78,510856628418
4247,354    0,00141948089003563    78,7739944458008
4257,278    0,00125747406855226    78,8490371704102
4267,201    0,00109546724706888    78,8115158081055
4277,124    0,00117647065781057    78,9996109008789
4287,048    0,00125747406855226    79,1872253417969
4296,972    0,00117647065781057    79,3002777099609
4306,896    0,00141948089003563    79,3377990722656
4316,819    0,00117647065781057    79,5634155273438
4326,742    0,00133847747929394    79,8640823364258
4336,666    0,00117647065781057    79,8260803222656
4346,589    0,00133847747929394    80,0892181396484
4356,513    0,00117647065781057    80,3148422241211
4366,437    0,00101342529524118    80,5779800415039
4376,361    0,00125747406855226    80,8786468505859
4386,283    0,000932421826291829    80,9912109375
4396,207    0,00133847747929394    81,2543563842773
4406,131    0,00125747406855226    81,4049301147461
4416,054    0,00133847747929394    81,5550155639648
4425,978    0,00133847747929394    81,9687347412109
4435,902    0,00133847747929394    82,081298828125
4445,825    0,00125747406855226    82,1938705444336
4455,748    0,00117647065781057    82,4945297241211
4465,672    0,00141948089003563    82,7201538085938
4475,596    0,00133847747929394    82,6826248168945
4485,519    0,00125747406855226    83,0958633422852
4495,443    0,00117647065781057    83,3214797973633
4505,366    0,00133847747929394    83,3965225219727
4515,29    0,00133847747929394    83,6221466064453
4525,213    0,00133847747929394    83,8852844238281
4535,137    0,00125747406855226    84,1484298706055
4545,061    0,00117647065781057    84,3360443115234
4554,984    0,00117647065781057    84,5616607666016
4564,907    0,00125747406855226    84,5991821289063
4574,831    0,00125747406855226    84,8998489379883
4584,755    0,00125747406855226    84,8623199462891
4594,678    0,00117647065781057    84,8623199462891
4604,602    0,00101342529524118    84,749755859375
4614,526    0,00109546724706888    84,6747055053711
4624,448    0,00133847747929394    84,7122344970703
4634,372    0,00133847747929394    84,8247985839844
4644,296    0,00117647065781057    84,9753723144531
4654,22    0,00133847747929394    85,1254653930664
4664,143    0,00133847747929394    85,2760391235352
4674,067    0,00133847747929394    85,4636535644531
4683,99    0,00125747406855226    85,7267913818359
4693,913    0,00133847747929394    85,8393630981445
4703,837    0,00117647065781057    85,9899368286133
4713,761    0,00133847747929394    86,1780319213867
4723,685    0,00125747406855226    86,2905960083008
4733,608    0,00133847747929394    86,6287841796875
4743,531    0,00125747406855226    86,7413558959961
4753,455    0,00117647065781057    86,8544006347656
4763,378    0,00117647065781057    86,9669723510742
4773,302    0,00125747406855226    87,230110168457
4783,226    0,00109546724706888    87,3426818847656
4793,15    0,00117647065781057    87,4182052612305
4803,072    0,00117647065781057    87,4182052612305
4812,996    0,00125747406855226    87,6058197021484
4822,92    0,00101342529524118    87,5682983398438
4832,843    0,00117647065781057    87,6433486938477
4842,767    0,00125747406855226    87,8314437866211
4852,691    0,00117647065781057    88,0570602416992
4862,614    0,00133847747929394    88,1696243286133
4872,537    0,00101342529524118    88,3952484130859
4882,461    0,00117647065781057    88,4702911376953
4892,385    0,00133847747929394    88,7334365844727
4902,308    0,00133847747929394    88,808479309082
4912,232    0,00101342529524118    88,9590530395508
4922,155    0,00141948089003563    89,3347625732422
4932,079    0,00158148782793432    89,5228576660156
4942,002    0,00141948089003563    89,898567199707
4951,926    0,00109546724706888    90,1992340087891
4961,85    0,00117647065781057    90,1617050170898
4971,773    0,00117647065781057    90,1617050170898
4981,696    0,00133847747929394    90,1992340087891
4991,62    0,00117647065781057    90,1617050170898
5001,544    0,00109546724706888    90,0486602783203
5011,467    0,00101342529524118    89,9736099243164
5021,391    0,00117647065781057    90,1241836547852
5031,315    0,00125747406855226    90,1992340087891
5041,237    0,00117647065781057    90,1617050170898
5051,161    0,00109546724706888    90,1617050170898
5061,085    0,00117647065781057    90,1617050170898
5071,009    0,00101342529524118    90,1241836547852
5080,932    0,000932421826291829    90,1617050170898
5090,856    0,00101342529524118    90,0866622924805
5100,779    0,000932421826291829    89,7859954833984
5110,702    0,00109546724706888    89,7479934692383
5120,626    0,00101342529524118    89,7104721069336
5130,55    0,00101342529524118    89,5603790283203
5140,474    0,00101342529524118    89,5228576660156
5150,397    0,000932421826291829    89,3722839355469
5160,32    0,00125747406855226    89,4098052978516
5170,244    0,000932421826291829    89,4473266601563
5180,167    0,00101342529524118    89,597900390625
5190,091    0,00101342529524118    89,6729507446289
5200,015    0,00117647065781057    89,7859954833984
5209,939    0,00101342529524118    89,7104721069336
5219,862    0,00101342529524118    89,898567199707
5229,785    0,00109546724706888    89,9736099243164
5239,709    0,00101342529524118    89,9360885620117
5249,632    0,00117647065781057    90,0866622924805
5259,556    0,00101342529524118    90,0866622924805
5269,48    0,00109546724706888    89,9736099243164
5279,404    0,00117647065781057    90,0486602783203
5289,326    0,00117647065781057    90,0866622924805
5299,25    0,00125747406855226    89,898567199707
5309,174    0,00101342529524118    89,7104721069336
5319,097    0,00101342529524118    89,7479934692383
5329,021    0,00117647065781057    89,6729507446289
5338,945    0,00101342529524118    89,5228576660156
5348,868    0,00101342529524118    89,5228576660156
5358,791    0,00101342529524118    89,2221908569336
5368,715    0,00109546724706888    89,1846694946289
5378,639    0,00101342529524118    89,0340957641602
5388,562    0,000932421826291829    88,8460006713867
5398,486    0,00117647065781057    88,9215316772461
5408,409    0,00101342529524118    88,6208648681641
5418,333    0,00101342529524118    88,4702911376953
5428,256    0,00101342529524118    88,2071533203125
5438,18    0,000932421826291829    88,1321029663086
5448,104    0,00117647065781057    87,8314437866211
5458,027    0,00101342529524118    87,5682983398438
5467,95    0,00101342529524118    87,4182052612305
5477,874    0,00101342529524118    87,1925888061523
5487,798    0,000932421826291829    86,9669723510742
5497,721    0,00117647065781057    86,8544006347656
5507,645    0,00109546724706888    86,9294509887695
5517,569    0,00109546724706888    86,8544006347656
5527,491    0,00109546724706888    86,7038269042969
5537,415    0,00101342529524118    86,7793579101563
5547,339    0,00109546724706888    86,8544006347656
5557,263    0,00117647065781057    86,9294509887695
5567,186    0,00101342529524118    86,8544006347656
5577,11    0,00109546724706888    86,7038269042969
5587,033    0,00117647065781057    86,5912628173828
5596,956    0,00101342529524118    86,4406890869141
5606,88    0,000932421826291829    86,2530746459961
5616,804    0,00101342529524118    86,3656463623047
5626,728    0,00109546724706888    86,4406890869141
