sec"    "mA"    "mV
1,005	-0,14096899330616	0,112569577991962
1,996	-0,19776277244091	9,39575329539366E-7
2,993	-0,264454573392868	9,39575329539366E-7
4	0,224049106240273	0,0750467032194138
4,988	-0,33406662940979	0,0750467032194138
5,986	-0,295122683048248	0,150092452764511
6,99	-0,226402685046196	0,0750467032194138
7,98	-0,118657723069191	9,39575329539366E-7
8,987	-0,0242181066423655	0,112569577991962
9,979	0,124254964292049	-0,113048762083054
10,979	-0,107704609632492	9,39575329539366E-7
11,971	0,247983545064926	-0,0375219397246838
12,972	0,243440091609955	-0,0375219397246838
13,972	-0,116710528731346	0,0750467032194138
14,966	0,211960896849632	9,39575329539366E-7
15,965	-0,151841104030609	0,150092452764511
16,958	0,191433802247047	0,0750467032194138
17,956	0,183319956064224	0,0750467032194138
18,957	-0,229160964488983	0,112569577991962
19,95	0,168635487556458	0,0750467032194138
20,951	-0,285143673419952	0,0750467032194138
21,95	-0,305994778871536	0,112569577991962
22,942	0,20352303981781	0,0750467032194138
23,947	-0,333579570055008	0,0750467032194138
24,94	-0,336256831884384	0,0750467032194138
25,939	-0,331794381141663	0,0750467032194138
26,934	-0,33747398853302	9,39575329539366E-7
27,973	-0,0279504954814911	0,0750467032194138
28,927	-0,306967884302139	0,0375238209962845
29,928	-0,270296156406403	0,0375238209962845
30,927	-0,207011714577675	0,0375238209962845
31,925	-0,176911666989326	0,0750467032194138
32,916	-0,103404156863689	-0,0375219397246838
33,916	-0,0427980087697506	0,0750467032194138
34,916	0,0175651274621487	-0,0750448182225227
35,91	0,0727357417345047	0,0375238209962845
36,602	0,184132069349289	0,112569577991962
36,906	0,142023786902428	9,39575329539366E-7
37,908	-0,0897737666964531	0,0750467032194138
38,904	0,201169788837433	-0,0750448182225227
39,9	0,22250796854496	9,39575329539366E-7
40,9	-0,12563544511795	0,0375238209962845
41,9	-0,122876137495041	9,39575329539366E-7
42,894	-0,127014577388763	0,150092452764511
43,895	-0,120847932994366	0,0750467032194138
44,893	-0,123931258916855	0,112569577991962
45,884	0,206362321972847	9,39575329539366E-7
46,885	-0,146891579031944	0,112569577991962
47,884	-0,1595488935709	0,0750467032194138
48,88	-0,180318996310234	0,150092452764511
49,872	-0,205875590443611	0,0750467032194138
50,873	-0,224942550063133	0,112569577991962
51,868	-0,240844145417213	0,0750467032194138
52,865	-0,26989009976387	9,39575329539366E-7
53,863	-0,296988874673843	0,112569577991962
54,864	-0,311024278402328	0,0750467032194138
55,86	-0,326764911413193	0,112569577991962
56,856	-0,333660572767258	-0,0750448182225227
57,852	-0,335445761680603	0,0750467032194138
58,857	0,200926780700684	0,0750467032194138
59,848	-0,329847186803818	9,39575329539366E-7
60,847	-0,32538577914238	0,112569577991962
61,841	-0,333660572767258	0,0375238209962845
62,844	0,157601371407509	0,0750467032194138
63,843	0,119225479662418	9,39575329539366E-7
64,831	-0,255367636680603	0,150092452764511
65,834	0,0970762297511101	9,39575329539366E-7
66,825	-0,209120914340019	0,0375238209962845
67,831	0,0359819866716862	-0,0375219397246838
68,828	0,00141948089003563	0,0375238209962845
69,824	0,0561030320823193	-0,0750448182225227
70,821	0,0093702794983983	0,112569577991962
71,816	-0,0453942716121674	9,39575329539366E-7
72,816	-0,0363883525133133	9,39575329539366E-7
73,816	-0,0728980526328087	9,39575329539366E-7
74,81	-0,0775235593318939	0,0750467032194138
75,808	-0,0978066101670265	-0,113048762083054
76,801	-0,115493401885033	9,39575329539366E-7
77,802	-0,124418318271637	-0,0375219397246838
78,8	-0,118981741368771	0,112569577991962
79,801	0,222750976681709	0,0750467032194138
80,796	-0,115899451076984	0,0750467032194138
81,792	-0,125229388475418	0,150092452764511
82,786	-0,132450118660927	0,0375238209962845
83,789	-0,139751851558685	0,0750467032194138
84,782	-0,16320027410984	0,0750467032194138
85,78	-0,193381324410439	0,112569577991962
86,775	-0,228674933314323	0,112569577991962
87,771	-0,265833705663681	0,150092452764511
88,768	-0,299909144639969	9,39575329539366E-7
89,768	-0,327088922262192	0,0375238209962845
90,77	0,200033664703369	-0,0375219397246838
91,76	-0,301856338977814	0,0375238209962845
92,764	0,150866657495499	9,39575329539366E-7
93,756	-0,207255765795708	9,39575329539366E-7
94,756	-0,0994287580251694	9,39575329539366E-7
95,756	-0,0225959606468678	9,39575329539366E-7
96,754	-0,0565904006361961	9,39575329539366E-7
97,745	0,156222239136696	0,0375238209962845
98,751	-0,117034539580345	9,39575329539366E-7
99,74	0,244738221168518	0,0750467032194138
100,039	-0,339340180158615	0,0750467032194138
100,737	-0,318895101547241	-300,175811767578
101,74	-0,384287714958191	-300,213348388672
102,736	-0,303073465824127	-300,138305664063
103,733	-0,282465368509293	-300,100769042969
104,733	-0,297393888235092	-300,175811767578
105,729	-0,331876426935196	-300,063262939453
106,724	-0,369603246450424	-300,138305664063
107,723	-0,404327780008316	-300,175811767578
108,723	-0,378446131944656	-300,100769042969
109,718	-0,366195917129517	-300,250885009766
110,715	-0,332930505275726	-300,250885009766
111,71	-0,244738534092903	-300,100769042969
112,708	-0,135046377778053	-300,213348388672
113,708	-0,0469354130327702	-300,175811767578
114,708	-0,10299913585186	-300,100769042969
115,705	-0,146242514252663	-300,175811767578
116,698	0,16636323928833	-300,213348388672
117,693	0,199141591787338	-300,213348388672
118,699	-0,158412769436836	-300,250885009766
119,692	-0,154762417078018	-300,250885009766
120,689	-0,168067753314972	-300,100769042969
121,685	-0,18973097205162	-300,213348388672
122,68	0,156546249985695	-300,175811767578
123,676	0,149974584579468	-300,100769042969
124,682	-0,311106324195862	-300,100769042969
125,676	-0,350942343473434	-300,025726318359
126,67	0,188431486487389	-300,063262939453
127,673	-0,362544536590576	-300,175811767578
128,662	0,165471166372299	-300,213348388672
129,66	0,160602644085884	-300,250885009766
130,663	-0,142592176795006	-300,250885009766
131,657	-0,000608720467425883	-300,250885009766
132,652	0,0832827985286713	-300,175811767578
133,658	0,180561691522598	-300,288391113281
134,653	0,21845155954361	-300,138305664063
135,649	0,207903459668159	-300,250885009766
136,645	0,186971336603165	-300,175811767578
137,646	0,167986422777176	-300,213348388672
138,641	0,163361951708794	-300,138305664063
139,638	0,176505282521248	-300,063262939453
140,638	-0,366276919841766	-300,100769042969
141,631	0,196301281452179	-300,100769042969
142,63	0,182427883148193	-300,288391113281
143,63	-0,253825455904007	-300,100769042969
144,624	0,094154916703701	-300,250885009766
145,625	0,0126156099140644	-300,250885009766
146,62	-0,0285185575485229	-300,326385498047
147,613	-0,092938095331192	-300,250885009766
148,61	-0,12969183921814	-300,288391113281
149,614	0,234678208827972	-300,250885009766
150,613	0,212609976530075	-300,213348388672
151,605	-0,133099183440208	-300,250885009766
152,6	-0,144052311778069	-300,175811767578
153,605	0,163604974746704	-300,213348388672
154,599	0,175450161099434	-300,175811767578
155,598	0,186565294861794	-300,063262939453
156,592	0,196220278739929	-300,100769042969
157,596	0,219343632459641	-300,175811767578
158,586	0,168716490268707	-300,100769042969
159,589	0,153625965118408	-300,138305664063
160,586	0,104458965361118	-300,138305664063
161,583	0,059430405497551	-300,213348388672
162,584	0,0707075372338295	-300,175811767578
163,577	-0,069328710436821	-300,250885009766
164,574	-0,11484432965517	-300,175811767578
165,572	-0,132856175303459	-300,288391113281
166,568	-0,144944384694099	-300,250885009766
167,568	0,195003151893616	-300,250885009766
168,561	-0,149893909692764	-300,250885009766
169,562	0,179182559251785	-300,213348388672
170,559	0,183888018131256	-300,100769042969
171,555	-0,293499499559402	-300,063262939453
172,552	0,198167473077774	-300,175811767578
173,554	0,185267150402069	-300,138305664063
174,546	-0,346966952085495	-300,138305664063
175,547	0,088070310652256	-300,250885009766
176,542	0,0442578382790089	-300,250885009766
177,545	-0,0423109494149685	-300,138305664063
178,537	-0,0885576754808426	-300,288391113281
179,538	-0,122795127332211	-300,175811767578
180,532	-0,136506527662277	-300,250885009766
181,526	-0,138940781354904	-300,250885009766
182,524	-0,134073302149773	-300,175811767578
183,518	0,20360404253006	-300,175811767578
184,521	-0,208553895354271	-300,175811767578
185,52	-0,259262055158615	-300,100769042969
186,511	-0,324736714363098	-300,138305664063
187,517	0,201899856328964	-300,213348388672
188,511	-0,346155881881714	-300,063262939453
189,511	0,120847627520561	-300,175811767578
190,504	-0,185024470090866	-300,213348388672
191,505	-0,0279504954814911	-300,326385498047
192,502	-0,0675435215234756	-300,138305664063
193,493	0,166039228439331	-300,326385498047
194,495	0,220235720276833	-300,326385498047
195,494	-0,137967705726624	-300,326385498047
196,49	-0,13382925093174	-300,288391113281
197,49	-0,152571171522141	-300,326385498047
198,48	0,195815250277519	-300,326385498047
199,482	-0,196951702237129	-300,100769042969
200,482	-0,241088196635246	-300,100769042969
200,873	0,186484292149544	-300,138305664063
201,481	-0,191596135497093	-250,115005493164
202,475	-0,278489977121353	-250,265579223633
203,468	0,243684127926826	-250,228057861328
204,464	0,230296760797501	-250,228057861328
205,467	-0,27711084485054	-250,265579223633
206,463	-0,200602054595947	-250,265579223633
207,458	-0,0838511735200882	-250,228057861328
208,459	0,0178081374615431	-250,153015136719
209,453	0,118089355528355	-250,265579223633
210,455	0,189324602484703	-250,415679931641
211,449	0,228917628526688	-250,265579223633
212,452	-0,122065059840679	-250,153015136719
213,44	0,23435315489769	-250,228057861328
214,445	0,223806098103523	-250,190536499023
215,44	0,207417443394661	-250,303100585938
216,437	0,195328190922737	-250,039962768555
217,43	0,19289393723011	-250,190536499023
218,437	-0,280356168746948	-250,115005493164
219,428	0,208390519022942	-250,228057861328
220,428	0,223319038748741	-250,228057861328
221,428	-0,353700637817383	-250,265579223633
222,425	-0,323762595653534	-250,077484130859
223,414	0,186484292149544	-250,228057861328
224,417	-0,152490168809891	-250,265579223633
225,416	-0,0419869348406792	-250,190536499023
226,412	0,0903415232896805	-250,265579223633
227,413	0,140319600701332	-250,303100585938
228,405	0,211960896849632	-250,115005493164
229,407	0,246280401945114	-250,303100585938
230,4	0,234678208827972	-250,265579223633
231,397	0,209039583802223	-250,265579223633
232,397	0,201980859041214	-250,265579223633
233,39	0,19192086160183	-250,228057861328
234,391	0,18494313955307	-250,190536499023
235,387	0,179344564676285	-250,115005493164
236,385	0,201250791549683	-250,228057861328
237,381	0,203116983175278	-250,077484130859
238,385	-0,362868547439575	-250,265579223633
239,375	0,215287238359451	-250,153015136719
240,376	0,198573529720306	-250,303100585938
241,37	0,183157950639725	-250,115005493164
242,366	0,137480318546295	-250,190536499023
243,365	0,0784153267741203	-250,190536499023
244,366	0,0555360093712807	-250,340637207031
245,362	-0,0561043806374073	-250,265579223633
246,358	-0,0748452544212341	-250,378158569336
247,352	-0,117602601647377	-250,303100585938
248,348	-0,127338588237762	-250,340637207031
249,35	-0,123769246041775	-250,265579223633
250,35	0,217477440834045	-250,153015136719
251,342	-0,144944384694099	-250,115005493164
252,347	0,163847982883453	-250,077484130859
253,337	-0,22372542321682	-250,115005493164
254,34	0,189486607909203	-250,115005493164
255,334	0,207011386752129	-250,190536499023
256,328	-0,357352018356323	-250,190536499023
257,328	0,204658135771751	-250,265579223633
258,331	0,168310433626175	-250,228057861328
259,325	0,103484846651554	-250,265579223633
260,324	0,0627567395567894	-250,265579223633
261,319	-0,00247491500340402	-250,303100585938
262,32	-0,0453942716121674	-250,190536499023
263,313	-0,0844192355871201	-250,340637207031
264,315	0,257638543844223	-250,190536499023
265,309	-0,13391025364399	-250,228057861328
266,305	-0,137155592441559	-250,190536499023
267,304	-0,145756497979164	-250,265579223633
268,297	-0,167905747890472	-250,265579223633
269,297	-0,1743154078722	-250,077484130859
270,296	-0,205551564693451	-250,077484130859
271,293	-0,266969829797745	-250,115005493164
272,295	0,211229801177979	-250,190536499023
273,289	0,225104227662086	-250,228057861328
274,283	-0,359056204557419	-250,265579223633
275,284	0,193949058651924	-250,265579223633
276,278	-0,29942312836647	-250,265579223633
277,274	-0,208066835999489	-250,265579223633
278,279	0,0313575193285942	-250,228057861328
279,272	-0,0340361371636391	-250,228057861328
280,273	-0,083932176232338	-250,415679931641
281,263	0,210337713360786	-250,340637207031
282,259	0,238653615117073	-250,265579223633
283,265	-0,127582639455795	-250,190536499023
284,258	-0,146242514252663	-250,228057861328
285,257	-0,158331766724586	-250,265579223633
286,25	-0,199060916900635	-250,039962768555
287,254	-0,250661134719849	-250,190536499023
288,251	-0,296095758676529	-250,077484130859
289,248	-0,354106664657593	-250,153015136719
290,242	-0,357595026493073	-250,077484130859
291,243	-0,321409344673157	-250,265579223633
292,242	0,129691541194916	-250,265579223633
293,235	-0,109164744615555	-250,190536499023
294,234	0,00904626585543156	-250,265579223633
295,231	0,133585929870605	-250,340637207031
296,232	-0,11784665286541	-250,115005493164
297,226	0,248632609844208	-250,265579223633
298,22	0,244333192706108	-250,265579223633
299,22	0,214394122362137	-250,265579223633
300,219	-0,184375405311584	-250,153015136719
300,686	0,194922149181366	-250,303100585938
301,213	0,289929836988449	-200,092208862305
302,208	0,220317751169205	-200,017150878906
303,204	0,220641776919365	-200,092208862305
304,201	0,232243955135345	-200,092208862305
305,203	-0,314918667078018	-200,129730224609
306,199	0,196707338094711	-200,092208862305
307,195	0,163523972034454	-200,204772949219
308,2	0,0117235332727432	-200,092208862305
309,191	0,151110708713531	-200,092208862305
310,19	0,200682729482651	-200,092208862305
311,185	0,269564718008041	-200,167251586914
312,182	0,249443680047989	-200,129730224609
313,186	0,219343632459641	-200,204772949219
314,178	0,197599411010742	-200,092208862305
315,178	0,18121075630188	-200,054672241211
316,17	0,192488923668861	-200,129730224609
317,169	0,193137988448143	-200,054672241211
318,171	0,223076030611992	-200,204772949219
319,169	0,224861219525337	-200,129730224609
320,168	-0,282303363084793	-200,129730224609
321,164	0,172285839915276	-200,129730224609
322,154	0,109813503921032	-200,092208862305
323,158	0,0380922295153141	-200,129730224609
324,154	-0,0325749590992928	-200,129730224609
325,152	0,242872029542923	-200,092208862305
326,145	-0,121496997773647	-200,129730224609
327,148	0,233785092830658	-200,129730224609
328,142	-0,133992299437523	-200,129730224609
329,141	0,18802647292614	-200,092208862305
330,141	0,184294074773788	-200,017150878906
331,131	-0,229729026556015	-200,092208862305
332,134	0,22242696583271	-200,129730224609
333,129	0,214962184429169	-200,242767333984
334,13	0,211229801177979	-200,092208862305
335,126	0,168959498405457	-200,167251586914
336,122	0,124580010771751	-200,129730224609
337,115	-0,123525202274323	-200,129730224609
338,117	-0,0247051659971476	-200,129730224609
339,117	-0,0956974029541016	-200,204772949219
340,113	-0,113059140741825	-200,204772949219
341,109	-0,122958175837994	-200,167251586914
342,106	-0,12182205170393	-200,092208862305
343,109	0,192569926381111	-200,017150878906
344,103	-0,185592532157898	-199,979629516602
345,1	-0,240844145417213	-200,017150878906
346,092	-0,286765813827515	-200,092208862305
347,098	0,221128836274147	-200,092208862305
348,094	0,211311832070351	-200,204772949219
349,089	-0,334634691476822	-200,167251586914
350,086	-0,234597533941269	-200,242767333984
351,079	-0,0922080278396606	-200,204772949219
352,084	-0,0355772785842419	-200,054672241211
353,08	-0,0870965048670769	-200,204772949219
354,073	0,2410878688097	-200,129730224609
355,075	-0,134478315711021	-200,054672241211
356,07	-0,147378638386726	-200,129730224609
357,071	-0,180237993597984	-200,017150878906
358,061	0,179182559251785	-199,942108154297
359,061	-0,321409344673157	-200,092208862305
360,062	-0,362057477235794	-200,129730224609
361,056	-0,358407139778137	-200,129730224609
362,054	-0,235246598720551	-200,017150878906
363,048	0,10916443914175	-200,092208862305
364,048	0,0678682625293732	-200,129730224609
365,046	0,201007783412933	-200,129730224609
366,044	0,242791011929512	-200,092208862305
367,044	0,234678208827972	-200,092208862305
368,039	0,196464329957962	-200,129730224609
369,032	0,177803412079811	-200,054672241211
370,033	0,191433802247047	-200,167251586914
371,029	0,214394122362137	-200,129730224609
372,025	0,219992712140083	-200,129730224609
373,029	-0,18599858880043	-200,204772949219
374,025	0,106649175286293	-200,129730224609
375,021	-0,00279892864637077	-200,092208862305
376,019	0,225347235798836	-200,129730224609
377,01	-0,114195264875889	-200,129730224609
378,014	0,219262629747391	-200,017150878906
379,008	-0,141537055373192	-200,054672241211
380,007	0,184781134128571	-199,942108154297
381,002	-0,22851188480854	-200,092208862305
382,005	0,218288511037827	-200,129730224609
382,995	-0,360110282897949	-200,129730224609
383,998	0,185592204332352	-200,054672241211
384,995	0,1049460247159	-200,167251586914
385,993	-0,0122109046205878	-200,092208862305
386,992	-0,0784966349601746	-200,129730224609
387,99	-0,131313994526863	-200,092208862305
388,985	-0,137237638235092	-200,129730224609
389,982	-0,147216632962227	-200,017150878906
390,977	-0,192489251494408	-200,017150878906
391,979	-0,272973418235779	-200,129730224609
392,971	-0,312728464603424	-200,092208862305
393,971	-0,350455284118652	-200,129730224609
394,968	-0,275812715291977	-200,092208862305
395,963	-0,1257164478302	-200,204772949219
396,962	0,0528577044606209	-200,017150878906
397,961	0,192001864314079	-200,167251586914
398,953	0,238491609692574	-200,167251586914
399,954	0,250741809606552	-200,167251586914
400,339	-0,128555715084076	-200,129730224609
400,949	0,309644818305969	-150,219482421875
401,946	0,221371844410896	-150,144439697266
402,946	0,205956265330315	-150,106918334961
403,946	-0,32643985748291	-150,144439697266
404,943	-0,336581885814667	-150,144439697266
405,936	0,227375447750092	-150,294525146484
406,933	0,145674124360085	-150,144439697266
407,932	0,0357389785349369	-150,294525146484
408,93	0,21577325463295	-150,219482421875
409,929	0,256746470928192	-150,25700378418
410,923	-0,12969183921814	-150,144439697266
411,928	0,187863424420357	-150,106918334961
412,924	0,15849344432354	-150,18196105957
413,916	0,181535810232162	-150,106918334961
414,917	0,197762459516525	-150,25700378418
415,909	-0,36368066072464	-150,25700378418
416,909	0,167093306779861	-150,294525146484
417,912	0,058699294924736	-150,144439697266
418,902	-0,022514957934618	-150,25700378418
419,904	-0,0826340466737747	-150,144439697266
420,899	-0,122065059840679	-150,144439697266
421,899	-0,129366800189018	-150,219482421875
422,891	-0,147540643811226	-150,18196105957
423,893	-0,199628978967667	-150,219482421875
424,89	-0,276299774646759	-150,106918334961
425,885	-0,351266354322433	-150,144439697266
426,883	-0,358488142490387	-150,25700378418
427,884	0,156384244561195	-150,219482421875
428,878	-0,0634871125221252	-150,18196105957
429,876	0,116385169327259	-150,18196105957
430,873	0,250579804182053	-150,25700378418
431,875	-0,131639048457146	-150,219482421875
432,868	-0,145431444048882	-150,144439697266
433,87	-0,217396765947342	-150,18196105957
434,864	-0,317596971988678	-150,144439697266
435,86	-0,367899060249329	-150,144439697266
436,854	0,210824772715569	-150,294525146484
437,858	-0,147135630249977	-150,18196105957
438,849	0,0603224821388721	-150,294525146484
439,849	0,210743770003319	-150,219482421875
440,846	0,238653615117073	-150,219482421875
441,842	0,237760499119759	-150,219482421875
442,845	0,187945455312729	-150,106918334961
443,836	0,181778818368912	-150,219482421875
444,838	0,211960896849632	-150,144439697266
445,834	0,222995027899742	-150,294525146484
446,834	0,197032392024994	-150,219482421875
447,833	-0,0241371020674706	-150,25700378418
448,827	-0,000121661330922507	-150,18196105957
449,825	-0,0724930390715599	-150,219482421875
450,822	-0,126284509897232	-150,106918334961
451,822	0,216179311275482	-150,219482421875
452,818	0,184700131416321	-150,18196105957
453,809	-0,20084610581398	-150,069396972656
454,81	-0,262669384479523	-150,144439697266
455,813	0,21837055683136	-150,25700378418
456,806	0,2261593490839	-150,294525146484
457,806	0,163604974746704	-150,18196105957
458,8	0,0626757368445396	-150,294525146484
459,798	-0,0591866634786129	-150,25700378418
460,793	0,197275400161743	-150,25700378418
461,79	0,274676263332367	-150,18196105957
462,791	-0,146648570895195	-150,144439697266
463,791	-0,214476495981216	-150,18196105957
464,788	-0,278734028339386	-150,106918334961
465,782	-0,361976474523544	-150,144439697266
466,784	-0,361733466386795	-150,294525146484
467,775	-0,19394938647747	-150,219482421875
468,775	0,0107494154945016	-150,219482421875
469,771	0,19962865114212	-150,219482421875
470,768	0,26396718621254	-150,219482421875
471,763	0,205956265330315	-150,18196105957
472,768	-0,20895890891552	-150,18196105957
473,76	0,208228513598442	-150,144439697266
474,76	0,225347235798836	-150,294525146484
475,753	0,202305912971497	-150,294525146484
476,757	-0,0965084806084633	-150,294525146484
477,746	0,029491325840354	-150,144439697266
478,745	-0,0683545917272568	-150,219482421875
479,746	-0,122876137495041	-150,219482421875
480,744	0,207092389464378	-150,18196105957
481,735	-0,159872904419899	-150,144439697266
482,74	0,192244872450829	-150,106918334961
483,736	0,213502049446106	-150,294525146484
484,732	0,213340044021606	-150,25700378418
485,728	-0,301613330841064	-150,294525146484
486,73	0,0651899576187134	-150,219482421875
487,722	0,0496123731136322	-150,294525146484
488,718	0,191271796822548	-150,18196105957
489,718	-0,124823331832886	-150,144439697266
490,713	0,243927150964737	-150,18196105957
491,713	-0,16741868853569	-150,219482421875
492,712	-0,225834622979164	-150,219482421875
493,709	-0,305669754743576	-150,106918334961
494,706	-0,35264652967453	-150,332046508789
495,7	-0,333579570055008	-150,294525146484
496,696	-0,2353276014328	-150,25700378418
497,698	-0,0387416034936905	-150,18196105957
498,691	0,131313681602478	-150,294525146484
499,693	0,238977625966072	-150,219482421875
500,687	0,26883465051651	-150,18196105957
501,687	0,221290841698647	-150,219482421875
502,084	0,206119313836098	-150,219482421875
502,688	-0,0919650122523308	-99,9710540771484
503,682	0,219992712140083	-100,008575439453
504,679	0,223400041460991	-100,121147155762
505,676	0,238491609692574	-100,121147155762
506,669	0,216260313987732	-100,234199523926
507,675	-0,0463683903217316	-100,196670532227
508,672	0,133666932582855	-100,234199523926
509,667	0,246523410081863	-100,234199523926
510,66	-0,101782009005547	-100,159149169922
511,663	0,210662767291069	-100,121147155762
512,66	0,181859821081161	-100,046104431152
513,657	0,185186147689819	-100,121147155762
514,655	0,211148798465729	-100,083625793457
515,652	0,21463817358017	-100,121147155762
516,651	0,210337713360786	-100,121147155762
517,644	0,149487525224686	-100,159149169922
518,645	0,0632427558302879	-100,121147155762
519,641	-0,045070257037878	-100,159149169922
520,634	-0,105189345777035	-100,083625793457
521,635	-0,139102786779404	-100,121147155762
522,635	-0,138535767793655	-100,046104431152
523,629	-0,170095950365067	-100,159149169922
524,627	-0,227700814604759	-100,121147155762
525,628	-0,297799944877625	-100,159149169922
526,62	-0,363031595945358	-100,083625793457
527,62	-0,334309637546539	-100,159149169922
528,62	0,120847627520561	-100,159149169922
529,616	-0,0232450272887945	-100,159149169922
530,61	0,136101201176643	-100,121147155762
531,604	0,232486963272095	-100,121147155762
532,606	0,257719546556473	-100,121147155762
533,604	0,223481044173241	-100,046104431152
534,598	0,19192086160183	-100,008575439453
535,594	0,164335042238235	-100,046104431152
536,596	0,18112975358963	-100,234199523926
537,593	-0,360272288322449	-100,159149169922
538,586	0,217721492052078	-100,159149169922
539,588	-0,0730611011385918	-100,159149169922
540,585	0,122226759791374	-100,121147155762
541,578	-0,0704648345708847	-100,121147155762
542,574	-0,125067383050919	-100,121147155762
543,578	0,191433802247047	-100,121147155762
544,575	0,167175352573395	-100,121147155762
545,573	0,193624004721642	-100,121147155762
546,566	0,216909378767014	-100,083625793457
547,563	0,199141591787338	-100,121147155762
548,563	0,136669248342514	-100,234199523926
549,563	-0,00182584894355386	-100,234199523926
550,557	-0,0925330817699432	-100,159149169922
551,557	-0,132288113236427	-100,046104431152
552,549	-0,13691258430481	-100,159149169922
553,55	-0,181860148906708	-100,008575439453
554,548	-0,252690374851227	-100,083625793457
555,543	-0,331470370292664	-100,121147155762
556,542	-0,358974158763885	-100,046104431152
557,542	0,161982819437981	-100,159149169922
558,536	-0,118089661002159	-100,196670532227
559,537	-0,0118048489093781	-100,196670532227
560,531	0,180805742740631	-100,121147155762
561,526	0,248145550489426	-100,121147155762
562,526	0,247821539640427	-100,121147155762
563,52	0,212122917175293	-100,121147155762
564,522	-0,193300321698189	-100,121147155762
565,517	0,17691133916378	-100,121147155762
566,512	0,196950346231461	-100,121147155762
567,51	0,214881181716919	-100,159149169922
568,511	-0,320598244667053	-100,196670532227
569,511	-0,209852024912834	-100,159149169922
570,504	-0,0501807443797588	-100,196670532227
571,504	0,0913156419992447	-100,234199523926
572,499	0,228187546133995	-100,121147155762
573,496	0,248145550489426	-100,083625793457
574,496	0,247091472148895	-100,046104431152
575,489	0,210418716073036	-100,121147155762
576,489	0,185916215181351	-100,008575439453
577,489	0,171069741249084	-100,083625793457
578,489	0,176829293370247	-100,121147155762
579,485	0,201412796974182	-100,121147155762
580,483	-0,359056204557419	-100,159149169922
581,477	0,217964500188828	-100,159149169922
582,473	0,191352799534798	-100,159149169922
583,473	0,125635132193565	-100,234199523926
584,47	0,0635678097605705	-100,159149169922
585,467	-0,00255591841414571	-100,159149169922
586,464	-0,0646232441067696	-100,121147155762
587,465	0,258368611335754	-100,159149169922
588,458	-0,131232991814613	-100,121147155762
589,458	0,198330521583557	-100,121147155762
590,45	-0,154518365859985	-100,121147155762
591,446	-0,193381324410439	-100,046104431152
592,449	0,186241269111633	-100,121147155762
593,449	0,205794259905815	-100,234199523926
594,446	0,214313119649887	-100,159149169922
595,44	0,232567965984344	-100,083625793457
596,436	0,197681456804276	-100,234199523926
597,439	0,159061506390572	-100,121147155762
598,431	0,0606464929878712	-100,234199523926
599,431	-0,0147261656820774	-100,121147155762
600,427	-0,0805248394608498	-100,121147155762
601,42	-0,122146062552929	-100,121147155762
602,425	-0,132288113236427	-100,083625793457
603,423	-0,123769246041775	-100,159149169922
604,417	-0,149487853050232	-100,046104431152
605,418	0,196788340806961	-100,159149169922
606,414	-0,221859231591225	-100,046104431152
607,413	0,211716860532761	-100,046104431152
608,408	-0,346479892730713	-100,121147155762
609,406	-0,369035184383392	-100,121147155762
610,402	-0,356377899646759	-100,083625793457
611,402	0,134884059429169	-100,234199523926
612,399	0,0890433937311172	-100,159149169922
613,392	-0,00880356784909964	-100,234199523926
614,392	-0,0243811514228582	-100,159149169922
615,386	0,142347797751427	-100,008575439453
616,387	-0,110057860612869	-100,121147155762
617,38	0,251147866249084	-100,121147155762
618,38	-0,134316310286522	-100,046104431152
619,378	-0,152977228164673	-100,121147155762
620,374	-0,15159809589386	-100,046104431152
621,371	-0,185105472803116	-100,121147155762
622,37	-0,202225238084793	-100,121147155762
623,371	-0,244252517819405	-100,121147155762
624,366	-0,280600219964981	-100,121147155762
625,361	-0,313864588737488	-100,008575439453
626,357	-0,343802630901337	-100,121147155762
627,356	-0,37090140581131	-100,121147155762
628,355	-0,376904994249344	-100,234199523926
629,353	-0,360759347677231	-100,159149169922
630,349	-0,329442173242569	-100,234199523926
631,342	-0,315730780363083	-100,083625793457
632,346	-0,299828141927719	-100,234199523926
633,339	-0,287414878606796	-100,121147155762
634,339	-0,260884195566177	-100,159149169922
635,333	-0,258287936449051	-100,121147155762
636,337	0,122875824570656	-100,234199523926
637,329	-0,192732259631157	-100,196670532227
638,328	-0,165471494197845	-100,234199523926
639,327	0,0877452567219734	-100,159149169922
640,325	0,0700584724545479	-100,309242248535
641,325	0,0631617531180382	-100,234199523926
642,321	0,0263280365616083	-100,196670532227
643,317	-0,00239391159266233	-100,159149169922
644,313	-0,0165113564580679	-100,196670532227
645,309	-0,0300597008317709	-100,234199523926
646,309	-0,0552112646400928	-100,159149169922
647,303	-0,0735471174120903	-100,159149169922
648,303	-0,0911539420485497	-100,121147155762
649,3	-0,0950483381748199	-100,121147155762
650,295	-0,112329073250294	-100,046104431152
651,293	-0,123931258916855	-100,121147155762
652,294	-0,125554442405701	-100,159149169922
653,286	-0,132288113236427	-100,046104431152
654,286	-0,13666957616806	-100,083625793457
655,284	-0,135208383202553	-100,121147155762
656,278	-0,12961083650589	-100,046104431152
657,278	-0,133343234658241	-100,159149169922
658,279	-0,135939493775368	-100,121147155762
659,274	-0,137480646371841	-100,121147155762
660,268	-0,132450118660927	-100,046104431152
661,268	-0,139021784067154	-100,196670532227
662,267	0,204496130347252	-100,121147155762
663,262	-0,141294032335281	-100,046104431152
664,26	-0,135776445269585	-100,121147155762
665,252	-0,142186120152473	-100,121147155762
666,25	-0,124499320983887	-100,046104431152
667,255	0,202629923820496	-100,083625793457
668,251	0,217558443546295	-100,159149169922
669,246	0,202467918395996	-100,121147155762
670,246	0,215287238359451	-100,121147155762
671,243	0,213989108800888	-100,121147155762
672,24	0,190378680825233	-100,083625793457
673,236	0,191433802247047	-100,121147155762
674,231	0,182752937078476	-100,121147155762
675,231	0,180723696947098	-100,121147155762
676,231	0,178533479571342	-100,121147155762
677,229	0,181372761726379	-100,046104431152
678,224	0,17334096133709	-100,046104431152
679,223	0,173990026116371	-100,159149169922
680,216	0,173421964049339	-100,159149169922
681,219	0,173909023404121	-100,083625793457
682,209	0,184294074773788	-100,121147155762
683,209	0,182021826505661	-100,121147155762
684,207	0,188350483775139	-100,234199523926
685,203	0,207498446106911	-100,159149169922
686,201	0,2452252805233	-100,196670532227
687,2	0,209282591938972	-100,121147155762
688,194	0,209445640444756	-100,196670532227
689,196	0,221371844410896	-100,234199523926
690,19	0,225834295153618	-100,121147155762
691,185	0,22640235722065	-100,159149169922
692,186	0,21187886595726	-100,159149169922
693,184	-0,217396765947342	-100,159149169922
694,184	-0,18981197476387	-100,159149169922
695,178	-0,122633121907711	-100,159149169922
696,174	0,158899500966072	-100,196670532227
697,175	-0,00474612647667527	-100,159149169922
698,173	0,0663260817527771	-100,196670532227
699,168	0,129691541194916	-100,27172088623
700,17	0,17009562253952	-100,159149169922
701,166	0,208958581089973	-100,159149169922
702,155	-0,0443391501903534	-100,159149169922
703,153	-0,0847442895174026	-100,046104431152
704,156	0,257881551980972	-100,083625793457
705,154	0,250904858112335	-100,046104431152
705,264	0,195734247565269	-100,196670532227
706,154	0,31329619884491	-50,1358604431152
707,152	-0,121010981500149	-50,0608139038086
708,147	0,198167473077774	-50,1358604431152
709,166	-0,254880577325821	-50,1733818054199
710,138	0,157601371407509	-49,985767364502
711,139	0,210175707936287	-50,0983352661133
712,132	0,159304514527321	-50,0983352661133
713,132	0,157033309340477	-50,0983352661133
714,131	0,172529891133308	-50,0232925415039
715,124	0,211554855108261	-50,2109069824219
716,123	0,203441008925438	-50,0232925415039
717,123	-0,318408042192459	-50,0608139038086
718,117	0,214719176292419	-50,1733818054199
719,118	-0,25398850440979	-50,0983352661133
720,112	0,188756540417671	-50,0608139038086
721,108	0,161657765507698	-50,1733818054199
722,106	0,0236497316509485	-50,0608139038086
723,106	0,0896114557981491	-50,2484283447266
724,102	0,171393766999245	-50,0608139038086
725,098	0,217964500188828	-50,1358604431152
726,093	-0,0877455696463585	-50,2109069824219
727,097	0,258449614048004	-50,1733818054199
728,091	0,240032747387886	-50,0983352661133
729,09	0,205226197838783	-50,2109069824219
730,084	0,19305594265461	-50,1358604431152
731,088	0,176262274384499	-50,0232925415039
732,084	0,166931301355362	-50,0608139038086
733,081	0,174639090895653	-49,985767364502
734,077	0,177884414792061	-50,1358604431152
735,07	0,196869343519211	-50,0608139038086
736,066	0,213014990091324	-50,1358604431152
737,069	0,224049106240273	-50,0232925415039
738,066	0,219992712140083	-50,0608139038086
739,064	0,206037268042564	-50,2109069824219
740,06	0,177884414792061	-50,0608139038086
741,06	-0,0531020611524582	-50,0983352661133
742,053	0,106163159012794	-50,1733818054199
743,056	0,111760698258877	-50,1733818054199
744,049	0,0341978333890438	-50,1733818054199
745,047	-0,0300597008317709	-50,1358604431152
746,044	-0,0704648345708847	-50,0983352661133
747,045	0,265103310346603	-50,1358604431152
748,038	-0,111680008471012	-50,2109069824219
749,037	0,240113750100136	-50,1358604431152
750,031	-0,1404829621315	-50,0232925415039
751,027	-0,146324560046196	-50,2109069824219
752,029	0,153706967830658	-50,0608139038086
753,029	0,164254039525986	-50,1733818054199
754,025	0,155816182494164	-50,0983352661133
755,019	0,196383327245712	-50,0983352661133
756,016	0,17812742292881	-50,0608139038086
757,019	0,195247188210487	-49,985767364502
758,014	0,215936303138733	-50,0608139038086
759,011	0,219424650073051	-50,0608139038086
760,007	0,220479771494865	-50,0232925415039
761,001	0,188675537705421	-50,1358604431152
762,007	-0,0869344919919968	-50,1358604431152
763,004	-0,00864052306860685	-50,1733818054199
763,997	0,0513165593147278	-50,2109069824219
764,999	0,184456080198288	-50,0608139038086
765,995	0,238004550337791	-50,2109069824219
766,994	0,258530616760254	-50,1358604431152
767,984	-0,132045105099678	-50,1733818054199
768,986	-0,134478315711021	-49,985767364502
769,983	0,184618085622787	-50,0608139038086
770,984	0,139508530497551	-50,0983352661133
771,98	0,16644424200058	-50,0983352661133
772,975	0,18121075630188	-50,1358604431152
773,972	0,19183985888958	-50,0983352661133
774,967	-0,314837664365768	-50,0232925415039
775,968	0,228268563747406	-49,985767364502
776,961	-0,35597288608551	-50,0232925415039
777,961	0,204577133059502	-50,0983352661133
778,958	0,17804642021656	-50,1358604431152
779,957	0,150136590003967	-50,0232925415039
780,951	0,0797944590449333	-50,2109069824219
781,951	0,0250288676470518	-50,1358604431152
782,944	-0,0202427078038454	-50,2109069824219
783,946	-0,0683545917272568	-50,1358604431152
784,942	-0,101944014430046	-50,2109069824219
785,937	-0,126121461391449	-50,1733818054199
786,937	-0,137886703014374	-50,0608139038086
787,935	-0,144458368420601	-50,1358604431152
788,932	-0,145918503403664	-50,0983352661133
789,928	-0,160440966486931	-50,0983352661133
790,925	-0,185349524021149	-50,1358604431152
791,928	0,181616812944412	-50,1358604431152
792,919	-0,246280714869499	-50,1358604431152
793,919	-0,274514585733414	-50,0608139038086
794,92	0,212122917175293	-50,0608139038086
795,917	0,213014990091324	-50,1358604431152
796,906	-0,340963363647461	-49,985767364502
797,91	0,21147383749485	-50,1358604431152
798,907	0,179344564676285	-50,0983352661133
799,905	0,150623649358749	-49,985767364502
800,298	-0,272162348031998	-50,0983352661133
800,905	0,227375447750092	0,0750467032194138
801,902	0,115168035030365	-0,0750448182225227
802,896	0,0495313704013824	9,39575329539366E-7
803,893	-0,0201617032289505	-0,0375219397246838
804,891	-0,0500997416675091	0,0375238209962845
805,889	-0,0947232842445374	-0,113048762083054
806,882	-0,122633121907711	0,112569577991962
807,882	-0,125148385763168	0,0750467032194138
808,881	-0,128150701522827	0,0375238209962845
809,877	-0,142754182219505	0,0750467032194138
810,873	-0,153220236301422	9,39575329539366E-7
811,874	-0,172287195920944	0,112569577991962
812,864	-0,203847378492355	0,0750467032194138
813,868	-0,240601137280464	0,112569577991962
814,864	-0,27711084485054	0,0750467032194138
815,857	-0,307129889726639	0,0750467032194138
816,858	-0,336419880390167	9,39575329539366E-7
817,851	-0,362544536590576	0,0750467032194138
818,855	-0,357271015644073	9,39575329539366E-7
819,849	-0,352402478456497	0,0750467032194138
820,845	-0,31938111782074	9,39575329539366E-7
821,844	-0,287171870470047	0,112569577991962
822,843	-0,251067191362381	0,0750467032194138
823,842	0,118332363665104	9,39575329539366E-7
824,836	-0,150218948721886	-0,0750448182225227
825,837	0,0479902289807796	-0,0375219397246838
826,837	0,0149688636884093	9,39575329539366E-7
827,833	-0,0182955097407103	9,39575329539366E-7
828,828	-0,0479095317423344	9,39575329539366E-7
829,821	0,147216305136681	9,39575329539366E-7
830,818	0,173990026116371	-0,0750448182225227
831,824	-0,0985366776585579	-0,0750448182225227
832,814	-0,0879896134138107	-0,0375219397246838
833,815	-0,100889936089516	0,0750467032194138
834,812	-0,102593079209328	9,39575329539366E-7
835,812	-0,109570801258087	0,0750467032194138
836,806	-0,1150873452425	-0,0750448182225227
837,804	-0,111436992883682	0,112569577991962
838,802	-0,104540280997753	9,39575329539366E-7
839,798	-0,11492533236742	0,150092452764511
840,796	-0,111761011183262	9,39575329539366E-7
841,789	-0,117278590798378	0,0375238209962845
842,793	0,251390874385834	-0,0375219397246838
843,788	-0,122146062552929	0,0750467032194138
844,782	-0,120847932994366	-0,113048762083054
845,779	-0,118981741368771	9,39575329539366E-7
846,78	-0,124905377626419	9,39575329539366E-7
847,774	-0,120928935706615	9,39575329539366E-7
848,776	0,231513887643814	-0,0375219397246838
849,77	-0,128393709659576	0,0750467032194138
850,766	-0,117602601647377	-0,0375219397246838
851,765	-0,126527518033981	9,39575329539366E-7
852,765	0,248794615268707	9,39575329539366E-7
853,761	0,24920067191124	0,0750467032194138
854,757	0,259098678827286	9,39575329539366E-7
855,76	0,269808769226074	0,0750467032194138
856,758	0,216098308563232	9,39575329539366E-7
857,75	0,250985860824585	9,39575329539366E-7
858,749	0,21837055683136	-0,0750448182225227
859,742	0,212122917175293	0,0750467032194138
860,746	0,210418716073036	-0,0750448182225227
861,743	0,192163869738579	0,0750467032194138
862,741	0,192488923668861	9,39575329539366E-7
863,737	0,176586285233498	0,0750467032194138
864,734	0,19597727060318	-0,113048762083054
865,734	-0,0601607821881771	9,39575329539366E-7
866,727	0,188756540417671	-0,113048762083054
867,721	0,185673207044601	0,0750467032194138
868,722	0,17699234187603	-0,0375219397246838
869,718	0,205632254481316	9,39575329539366E-7
870,718	0,185754209756851	9,39575329539366E-7
871,712	0,183238953351974	9,39575329539366E-7
872,712	0,183483004570007	-0,0375219397246838
873,712	-0,0983746722340584	0,0750467032194138
874,705	0,19289393723011	-0,0375219397246838
875,702	0,197681456804276	0,0375238209962845
876,703	-0,113140143454075	-0,0375219397246838
877,698	-0,109164744615555	0,0375238209962845
878,696	-0,100726887583733	9,39575329539366E-7
879,692	-0,113627202808857	0,0375238209962845
880,687	0,23840956389904	-0,0375219397246838
881,687	-0,128474712371826	0,0375238209962845
882,689	-0,118170663714409	-0,0375219397246838
883,684	-0,120685927569866	0,0375238209962845
884,679	-0,128961771726608	0,0750467032194138
885,674	0,258936673402786	0,0375238209962845
886,671	0,256583422422409	9,39575329539366E-7
887,672	-0,146729573607445	0,0750467032194138
888,671	-0,128474712371826	9,39575329539366E-7
889,666	-0,134965375065804	9,39575329539366E-7
890,669	0,174071028828621	9,39575329539366E-7
891,665	-0,148027703166008	0,112569577991962
892,661	-0,15946789085865	0,150092452764511
893,657	-0,192894265055656	0,0750467032194138
894,65	-0,195166513323784	0,150092452764511
895,657	0,172204837203026	9,39575329539366E-7
896,652	0,184132069349289	0,0375238209962845
897,648	-0,242791339755058	0,0375238209962845
898,646	0,203116983175278	-0,0375219397246838
899,641	-0,274595588445663	0,150092452764511
900,005	0,186728328466415	9,39575329539366E-7
900,64	0,31313419342041	49,8727188110352
901,631	-0,268267959356308	50,0978546142578
902,634	0,250741809606552	49,797191619873
903,633	0,23443415760994	50,0603332519531
904,627	0,226808413863182	49,8351936340332
905,625	0,2306207716465	50,1358604431152
906,625	0,213745057582855	49,8351936340332
907,619	0,210580736398697	50,0603332519531
908,617	0,199060589075089	49,9102401733398
909,611	-0,30347952246666	49,9852867126465
910,608	-0,28489962220192	49,8727188110352
911,609	0,133179873228073	49,9102401733398
912,603	0,100483566522598	49,8351936340332
913,604	0,0814166069030762	50,0228080749512
914,602	0,0414995662868023	49,8727188110352
915,603	0,00807214807718992	50,1358604431152
916,6	-0,0045841196551919	49,8727188110352
917,589	-0,0284375548362732	50,0228080749512
918,592	-0,0488016083836555	49,9477653503418
919,589	-0,0721679851412773	50,0603332519531
920,59	0,267050504684448	49,9477653503418
921,587	0,260640859603882	50,0978546142578
922,58	-0,120279870927334	49,8727188110352
923,579	-0,123120181262493	49,9852867126465
924,572	-0,126852571964264	49,9477653503418
925,572	-0,123120181262493	50,1358604431152
926,574	0,209931656718254	50,0228080749512
927,571	0,206119313836098	50,0603332519531
928,566	0,202873975038528	50,0603332519531
929,562	0,220398768782616	49,9102401733398
930,563	0,189648613333702	49,9852867126465
931,561	0,190946742892265	49,9852867126465
932,553	-0,149406850337982	49,9852867126465
933,551	0,189729616045952	49,8351936340332
934,548	0,195166185498238	50,0603332519531
935,551	0,206686332821846	49,9102401733398
936,541	-0,255853652954102	49,9852867126465
937,541	0,217153429985046	49,7596702575684
938,539	0,225834295153618	49,9852867126465
939,536	0,215368241071701	49,8351936340332
940,53	0,222182914614677	49,9852867126465
941,532	0,206362321972847	49,9102401733398
942,532	0,188512489199638	50,0603332519531
943,528	0,158655449748039	49,8727188110352
944,521	0,129204481840134	49,9852867126465
945,516	0,090179517865181	49,797191619873
946,516	0,00190654001198709	49,9852867126465
947,517	0,00734207825735211	49,8727188110352
948,516	0,200033664703369	49,9852867126465
949,508	-0,0851493030786514	49,9102401733398
950,512	0,234759211540222	49,9852867126465
951,509	0,240438804030418	49,8727188110352
952,505	0,16912254691124	50,0228080749512
953,5	0,205470249056816	50,0228080749512
954,495	-0,114601321518421	49,9102401733398
955,498	0,195085182785988	49,9477653503418
956,497	0,211716860532761	49,9102401733398
957,487	-0,31159234046936	50,0603332519531
958,488	0,208633527159691	49,8351936340332
959,486	0,179101541638374	49,9477653503418
960,475	-0,297069877386093	49,9102401733398
961,479	0,0580502301454544	50,0603332519531
962,47	-0,0518849305808544	49,9477653503418
963,474	-0,0359833352267742	50,0603332519531
964,469	-0,104621283710003	49,9102401733398
965,47	-0,128150701522827	50,0228080749512
966,463	-0,129772856831551	49,9477653503418
967,467	-0,124337308108807	50,0228080749512
968,461	-0,130421921610832	49,9102401733398
969,454	-0,153139233589172	49,9852867126465
970,454	-0,185917586088181	50,0228080749512
971,454	-0,230540096759796	49,9102401733398
972,448	-0,279383093118668	50,0228080749512
973,448	-0,331064313650131	49,9102401733398
974,445	-0,369116187095642	50,0603332519531
975,438	-0,334553688764572	49,9102401733398
976,439	-0,30331751704216	50,0603332519531
977,435	-0,237274795770645	49,9102401733398
978,435	0,05586002394557	49,9477653503418
979,43	-0,0253542307764292	49,9102401733398
980,423	0,085474044084549	50,0228080749512
981,426	-0,0900988206267357	49,9852867126465
982,423	-0,118495717644691	49,9852867126465
983,424	-0,123039178550243	49,8351936340332
984,415	0,269078701734543	50,0603332519531
985,42	-0,138210713863373	49,9102401733398
986,415	-0,165715530514717	49,9852867126465
987,413	-0,180399999022484	49,9852867126465
988,407	-0,222508296370506	49,9852867126465
989,407	-0,261939316987991	50,1358604431152
990,401	-0,288063943386078	49,9102401733398
991,403	-0,33025324344635	50,2109069824219
992,401	-0,354998767375946	49,7596702575684
993,396	-0,365302801132202	49,9477653503418
994,389	-0,340963363647461	49,7596702575684
995,392	-0,308915078639984	49,9477653503418
996,386	-0,25415050983429	49,797191619873
997,385	-0,15159809589386	49,9102401733398
998,381	-0,0737911686301231	49,9102401733398
999,376	0,0638918280601501	49,9477653503418
1000,376	0,159548565745354	49,9102401733398
1001,37	0,223968103528023	49,9852867126465
1002,371	0,263480126857758	49,9102401733398
1003,37	-0,130421921610832	50,0603332519531
1004,366	0,232650011777878	49,8727188110352
1005,367	-0,15167909860611	50,0228080749512
1005,485	0,00985733885318041	49,9477653503418
1006,361	-0,144214317202568	99,8955307006836
1007,363	-0,238085880875587	99,970573425293
1008,357	-0,317920982837677	100,121147155762
1009,351	0,271268904209137	99,8955307006836
1009,556	-0,387615114450455	100,046104431152
1010,347	0,303965240716934	149,993865966797
1011,351	-0,275244653224945	149,956344604492
1012,346	-0,161902144551277	150,031387329102
1013,342	-0,038497556000948	149,956344604492
1014,339	0,0789833888411522	150,106430053711
1015,333	-0,0241371020674706	149,956344604492
1016,339	0,271349936723709	149,956344604492
1017,26	-0,200359046459198	149,918823242188
1017,333	0,264616250991821	149,993865966797
1018,33	0,243035063147545	150,068908691406
1019,33	0,218207508325577	149,993865966797
1020,327	0,214151114225388	149,880813598633
1021,319	0,209850654006004	150,219482421875
1022,316	0,214962184429169	150,031387329102
1023,317	0,226483359932899	150,106430053711
1024,313	0,257395535707474	150,031387329102
1025,314	-0,323519587516785	150,106430053711
1026,305	0,207984462380409	149,843292236328
1027,307	0,157276317477226	150,143951416016
1028,304	-0,0344411544501781	149,956344604492
1029,299	0,0550489500164986	150,031387329102
1030,293	0,0348469018936157	149,918823242188
1031,289	-0,0314398743212223	150,031387329102
1032,289	-0,0558603294193745	149,956344604492
1033,29	0,272405058145523	149,956344604492
1034,286	-0,10721755027771	150,106430053711
1035,283	0,250255793333054	150,106430053711
1036,283	0,23743648827076	149,956344604492
1037,406	0,0320065841078758	149,918823242188
1038,276	0,187296390533447	150,068908691406
1039,275	0,177641406655312	149,993865966797
1040,269	0,182752937078476	150,18147277832
1041,267	0,182914942502975	150,106430053711
1042,267	0,204821184277534	150,031387329102
1043,264	0,223400041460991	150,068908691406
1044,258	0,228592574596405	150,031387329102
1045,254	0,23435315489769	149,918823242188
1046,26	-0,310132205486298	150,068908691406
1047,252	0,219992712140083	149,918823242188
1048,252	0,219749689102173	150,031387329102
1049,246	0,178290471434593	149,880813598633
1050,249	-0,0533450692892075	150,031387329102
1051,238	0,0591863542795181	149,843292236328
1052,243	0,124499008059502	150,031387329102
1053,238	0,0240557864308357	149,843292236328
1054,23	-0,00726138707250357	150,031387329102
1055,23	-0,0419059321284294	149,918823242188
1056,234	0,289280772209167	149,993865966797
1057,223	-0,103567197918892	149,993865966797
1058,226	0,260883867740631	150,031387329102
1059,221	-0,137723654508591	150,068908691406
1060,215	-0,147378638386726	150,143951416016
1061,213	-0,153545290231705	150,068908691406
1062,217	0,197762459516525	149,956344604492
1063,211	0,178614482283592	150,031387329102
1064,207	0,163280948996544	149,880813598633
1065,206	0,198086470365524	150,106430053711
1066,199	-0,304615646600723	149,918823242188
1067,202	0,220884785056114	150,068908691406
1068,199	0,225266233086586	149,880813598633
1069,196	0,229971706867218	150,18147277832
1070,19	0,238653615117073	150,031387329102
1071,19	0,212365925312042	150,068908691406
1072,19	0,198167473077774	149,918823242188
1073,186	0,148108392953873	150,106430053711
1074,181	0,120442606508732	149,880813598633
1075,184	0,118981428444386	150,031387329102
1076,181	0,163198918104172	149,880813598633
1077,176	0,00880221743136644	150,031387329102
1078,172	-0,0304657556116581	149,993865966797
1079,168	-0,0809308961033821	150,031387329102
1080,171	0,275569379329681	149,956344604492
1081,166	0,255204290151596	149,993865966797
1082,164	0,229809701442719	149,993865966797
1083,16	0,21147383749485	149,956344604492
1084,158	0,195571213960648	150,106430053711
1085,156	0,183645009994507	149,918823242188
1086,154	0,184700131416321	150,031387329102
1087,149	0,198492527008057	150,031387329102
1088,146	0,202954977750778	150,106430053711
1089,143	0,204253122210503	150,031387329102
1090,143	0,225672289729118	150,106430053711
1091,137	0,230702817440033	150,068908691406
1092,135	0,227781504392624	150,031387329102
1093,132	0,230296760797501	149,880813598633
1094,129	0,207092389464378	150,031387329102
1095,127	0,169446557760239	149,880813598633
1096,121	0,122389808297157	150,031387329102
1097,121	0,0488823018968105	149,880813598633
1098,12	-0,0171604230999947	150,031387329102
1099,114	-0,0638111308217049	149,880813598633
1100,118	-0,108434677124023	150,031387329102
1100,413	0,232405960559845	149,993865966797
1101,112	-0,0397956892848015	199,979156494141
1102,106	-0,110543884336948	200,016677856445
1103,108	-0,135614439845085	200,05419921875
1104,101	-0,158899828791618	199,979156494141
1105,098	-0,195896580815315	200,016677856445
1106,096	-0,231352210044861	200,092208862305
1107,097	-0,28092423081398	199,941635131836
1108,093	-0,346722900867462	200,092208862305
1109,091	-0,385910898447037	200,016677856445
1110,084	-0,403922766447067	200,092208862305
1111,09	0,236219361424446	199,941635131836
1112,082	-0,378122121095657	200,167251586914
1113,081	0,19183985888958	199,941635131836
1114,075	-0,255286633968353	200,05419921875
1115,078	0,118900425732136	199,941635131836
1116,074	0,0660830736160278	200,05419921875
1117,072	0,0218655783683062	199,979156494141
1118,069	-0,0195936411619186	200,016677856445
1119,066	-0,0711138993501663	199,941635131836
1120,066	-0,0957784056663513	200,016677856445
1121,062	-0,110543884336948	200,092208862305
1122,058	-0,129123777151108	200,092208862305
1123,054	-0,138616770505905	200,092208862305
1124,05	-0,144539371132851	200,016677856445
1125,05	-0,145918503403664	200,129730224609
1126,044	-0,146567568182945	199,941635131836
1127,043	-0,150704979896545	200,016677856445
1128,04	-0,167662739753723	199,979156494141
1129,036	-0,170176953077316	200,05419921875
1130,035	-0,19297631084919	200,092208862305
1131,035	-0,21958801150322	200,129730224609
1132,035	0,182914942502975	200,016677856445
1133,029	0,176829293370247	200,129730224609
1134,024	-0,264778584241867	200,092208862305
1135,02	-0,299341082572937	200,092208862305
1136,019	-0,367087990045547	200,016677856445
1137,014	-0,366519927978516	200,279815673828
1138,016	0,232243955135345	199,941635131836
1139,011	-0,408952236175537	200,092208862305
1140,008	0,225428238511086	199,866577148438
1141,009	0,236625418066978	200,016677856445
1142,002	0,205470249056816	199,866577148438
1143,001	0,14364592730999	200,016677856445
1143,996	0,131638735532761	199,941635131836
1144,993	0,0752509981393814	199,979156494141
1145,996	0,0285182446241379	200,092208862305
1146,993	-0,0238130893558264	199,941635131836
1147,989	-0,0686796456575394	199,979156494141
1148,981	0,22250796854496	200,016677856445
1149,978	-0,117278590798378	200,092208862305
1150,984	-0,133424237370491	200,092208862305
1151,978	-0,138291716575623	200,167251586914
1152,975	-0,147378638386726	200,129730224609
1153,972	-0,1554114818573	199,979156494141
1154,972	-0,171881139278412	200,167251586914
1155,966	-0,190461054444313	200,092208862305
1156,965	-0,207173720002174	200,05419921875
1157,962	-0,237030759453773	200,092208862305
1158,956	-0,261371254920959	199,979156494141
1159,957	-0,301370322704315	200,092208862305
1160,957	0,222995027899742	200,016677856445
1161,95	-0,368792176246643	200,167251586914
1162,948	-0,388426184654236	199,941635131836
1163,947	0,260721862316132	200,092208862305
1164,94	-0,397107034921646	199,979156494141
1165,941	0,22624035179615	200,016677856445
1166,943	0,185835212469101	199,941635131836
1167,938	0,136425197124481	199,979156494141
1168,934	0,107947304844856	200,016677856445
1169,926	-0,0896117612719536	200,016677856445
1170,933	0,0168350581079721	199,979156494141
1171,927	-0,00726138707250357	200,129730224609
1172,924	-0,0689226537942886	200,092208862305
1173,919	-0,102593079209328	200,016677856445
1174,914	-0,118576720356941	200,167251586914
1175,911	-0,146324560046196	200,016677856445
1176,91	-0,149406850337982	200,092208862305
1177,911	-0,170664012432098	199,941635131836
1178,904	-0,204010426998138	200,092208862305
1179,908	-0,247334808111191	200,167251586914
1180,906	0,21845155954361	200,167251586914
1181,901	-0,355647832155228	199,979156494141
1182,897	-0,395727902650833	200,279815673828
1183,894	-0,388020128011703	200,016677856445
1184,895	0,195490211248398	200,05419921875
1185,891	0,167337357997894	199,941635131836
1186,888	0,0974812507629395	200,016677856445
1187,884	0,0255969297140837	199,941635131836
1188,881	0,112734816968441	200,016677856445
1189,879	-0,0835271552205086	200,092208862305
1190,873	0,273946195840836	200,016677856445
1191,873	-0,138210713863373	199,979156494141
1192,872	-0,145918503403664	199,941635131836
1193,867	-0,160116955637932	199,941635131836
1194,863	-0,210014030337334	200,092208862305
1195,864	-0,238653942942619	200,167251586914
1196,864	-0,308185011148453	200,016677856445
1197,859	-0,346722900867462	200,129730224609
1198,853	-0,399703294038773	199,941635131836
1199,85	-0,411143481731415	200,167251586914
1200,848	-0,365951865911484	199,941635131836
1201,542	0,267293512821198	200,016677856445
1201,848	-0,146648570895195	250,115005493164
1202,844	-0,156627580523491	250,039962768555
1203,84	-0,0789836943149567	250,00244140625
1204,834	0,0479902289807796	250,00244140625
1205,839	0,021459523588419	249,964431762695
1206,832	0,203279003500938	249,926910400391
1207,831	0,274027198553085	250,039962768555
1208,825	0,287657588720322	249,964431762695
1209,827	0,293418169021606	249,964431762695
1210,824	0,274514257907867	250,00244140625
1211,822	-0,172855257987976	250,039962768555
1212,819	-0,18218520283699	250,115005493164
1213,819	-0,217883825302124	250,077484130859
1214,811	0,190297678112984	249,926910400391
1215,812	-0,294797629117966	250,077484130859
1216,802	0,182346880435944	250,00244140625
1217,805	-0,370171308517456	250,00244140625
1218,801	-0,39832416176796	250,077484130859
1219,802	-0,413414686918259	250,039962768555
1220,795	-0,396457970142365	249,964431762695
1221,795	-0,357190012931824	250,039962768555
1222,793	-0,284331560134888	250,077484130859
1223,785	0,216179311275482	250,039962768555
1224,786	-0,0646232441067696	250,00244140625
1225,779	0,126121163368225	249,926910400391
1226,78	0,168148428201675	250,077484130859
1227,78	0,246523410081863	249,964431762695
1228,776	0,290497899055481	250,077484130859
1229,77	0,291877031326294	250,077484130859
1230,771	0,278084635734558	249,926910400391
1231,77	0,241573885083199	250,00244140625
1232,765	0,212446928024292	250,00244140625
1233,76	0,195490211248398	250,077484130859
1234,755	0,186160266399384	250,039962768555
1235,753	0,203116983175278	250,152526855469
1236,754	0,222995027899742	250,077484130859
1237,754	-0,367899060249329	250,077484130859
1238,748	0,231432884931564	250,00244140625
1239,749	-0,181698143482208	250,077484130859
1240,747	-0,00823550578206778	250,039962768555
1241,746	0,151272714138031	250,00244140625
1242,74	0,245063275098801	249,926910400391
1243,732	-0,0720059797167778	250,00244140625
1244,733	0,292931109666824	250,039962768555
1245,735	0,259423732757568	250,00244140625
1246,73	0,216828376054764	250,00244140625
1247,728	0,18899954855442	250,152526855469
1248,724	0,193949058651924	250,077484130859
1249,724	0,212122917175293	250,077484130859
1250,718	0,235327273607254	250,039962768555
1251,716	0,243684127926826	250,039962768555
1252,713	0,213826060295105	250,00244140625
1253,714	0,181372761726379	249,926910400391
1254,708	0,0956150516867638	250,077484130859
1255,702	-0,00799145642668009	250,00244140625
1256,702	-0,0634871125221252	250,152526855469
1257,702	-0,115493401885033	250,00244140625
1258,695	-0,146810576319695	249,889389038086
1259,692	-0,165390476584435	249,926910400391
1260,694	0,192325875163078	250,00244140625
1261,685	-0,260235130786896	250,077484130859
1262,687	-0,327818989753723	250,115005493164
1263,681	-0,386397957801819	250,039962768555
1264,677	-0,414388805627823	250,039962768555
1265,676	-0,352078467607498	250,039962768555
1266,677	0,148189395666122	249,889389038086
1267,673	0,0835268497467041	250,115005493164
1268,669	0,115817107260227	249,926910400391
1269,663	0,227862507104874	250,00244140625
1270,67	-0,132369115948677	249,926910400391
1271,661	0,296176433563232	250,00244140625
1272,662	-0,179994985461235	249,964431762695
1273,656	-0,197600767016411	249,926910400391
1274,658	-0,245468616485596	250,152526855469
1275,657	-0,355728834867477	250,077484130859
1276,651	-0,317514926195145	250,190063476563
1277,648	-0,402705639600754	250,115005493164
1278,646	-0,361489415168762	250,077484130859
1279,646	-0,302424401044846	250,077484130859
1280,642	-0,177073672413826	250,00244140625
1281,639	-0,0144821163266897	249,964431762695
1282,636	0,130259603261948	250,077484130859
1283,63	0,219424650073051	250,00244140625
1284,63	0,276786506175995	250,077484130859
1285,625	0,293499171733856	249,889389038086
1286,624	0,269970774650574	250,00244140625
1287,622	0,253176063299179	249,964431762695
1288,617	0,221777901053429	250,039962768555
1289,616	0,195571213960648	250,077484130859
1290,615	-0,300802260637283	250,00244140625
1291,615	-0,351023346185684	250,115005493164
1292,609	-0,38688400387764	250,077484130859
1293,605	0,241005823016167	250,115005493164
1294,599	0,224617168307304	249,964431762695
1295,599	0,205551251769066	250,039962768555
1296,599	-0,160278961062431	250,00244140625
1297,597	-0,0247861687093973	250,039962768555
1298,591	0,129610538482666	249,926910400391
1299,586	-0,0227579679340124	250,152526855469
1300,584	-0,0389846153557301	250,00244140625
1300,799	-0,0932631492614746	249,964431762695
1301,584	0,342423170804977	300,025238037109
1302,583	0,286603480577469	299,987731933594
1303,577	0,240032747387886	300,062774658203
1304,581	0,207254394888878	300,062774658203
1305,578	0,218694567680359	299,987731933594
1306,575	0,216585367918015	300,213348388672
1307,57	0,220641776919365	300,100311279297
1308,545	0,206443324685097	300,062774658203
1308,562	0,243602097034454	300,100311279297
1309,559	0,231918901205063	300,025238037109
1310,565	-0,210095033049583	300,062774658203
1311,56	0,157763376832008	299,912689208984
1312,557	0,089124396443367	299,9501953125
1313,553	0,00888425949960947	300,062774658203
1314,553	0,29074090719223	300,025238037109
1315,547	-0,114763326942921	300,062774658203
1316,547	0,246198356151581	300,213348388672
1317,543	-0,155167430639267	300,175811767578
1318,54	-0,162713214755058	300,213348388672
1319,538	-0,205957621335983	300,137817382813
1320,533	-0,268429964780807	300,062774658203
1321,531	-0,320679247379303	300,250885009766
1322,53	0,238491609692574	300,062774658203
1323,523	-0,391346454620361	300,062774658203
1324,522	-0,402380585670471	299,987731933594
1325,521	0,202629923820496	300,100311279297
1326,516	-0,274676591157913	300,100311279297
1327,516	0,0914776474237442	300,025238037109
1328,511	0,0309525020420551	300,025238037109
1329,507	-0,0245431587100029	299,987731933594
1330,512	-0,0742782279849052	299,987731933594
1331,506	-0,100483879446983	300,100311279297
1332,505	-0,139184832572937	300,100311279297
1333,497	-0,143646255135536	300,175811767578
1334,495	-0,161415085196495	300,175811767578
1335,499	0,192731931805611	300,062774658203
1336,49	-0,177154675126076	300,062774658203
1337,491	-0,26129025220871	299,987731933594
1338,484	-0,336581885814667	300,175811767578
1339,484	-0,37958225607872	300,062774658203
1340,486	0,227294445037842	300,062774658203
1341,475	-0,347209960222244	299,987731933594
1342,479	0,137074261903763	300,062774658203
1343,475	-0,102512076497078	299,987731933594
1344,475	-0,0196746438741684	300,100311279297
1345,471	-0,12166004627943	300,137817382813
1346,468	-0,142673179507256	300,062774658203
1347,463	-0,116304472088814	300,100311279297
1348,46	0,260396808385849	299,987731933594
1349,459	-0,180725052952766	300,100311279297
1350,453	0,200926780700684	300,062774658203
1351,453	-0,315730780363083	300,100311279297
1352,452	-0,364978790283203	300,100311279297
1353,446	-0,379014194011688	300,062774658203
1354,443	-0,33779901266098	300,062774658203
1355,444	-0,222184270620346	300,062774658203
1356,435	0,128961473703384	299,912689208984
1357,44	0,112085752189159	300,062774658203
1358,434	0,242953032255173	300,025238037109
1359,43	0,258612662553787	300,062774658203
1360,428	0,315892457962036	300,062774658203
1361,429	0,218207508325577	300,100311279297
1362,424	0,104458965361118	300,137817382813
1363,421	0,21837055683136	300,062774658203
1364,415	0,245874345302582	300,213348388672
1365,414	0,214800179004669	300,025238037109
1366,41	0,24895766377449	300,062774658203
1367,413	-0,409439295530319	300,062774658203
1368,408	0,236949428915977	300,062774658203
1369,41	-0,211150154471397	300,025238037109
1370,399	0,108272358775139	300,025238037109
1371,397	0,0875832512974739	300,062774658203
1372,4	0,170420676469803	300,062774658203
1373,398	0,272405058145523	300,062774658203
1374,391	-0,105270348489285	300,062774658203
1375,394	0,29090291261673	300,100311279297
1376,39	0,275569379329681	300,062774658203
1377,386	0,236868426203728	300,137817382813
1378,382	0,241005823016167	300,100311279297
1379,383	0,219911709427834	300,137817382813
1380,375	0,219830691814423	300,025238037109
1381,379	0,228268563747406	300,175811767578
1382,373	0,233217030763626	299,912689208984
1383,373	0,255285292863846	300,137817382813
1384,366	0,223725095391273	299,875152587891
1385,365	0,177397355437279	300,100311279297
1386,362	0,147459328174591	300,025238037109
1387,358	0,0980493128299713	300,062774658203
1388,358	0,0193503182381392	299,987731933594
1389,354	-0,0552112646400928	300,062774658203
1390,351	-0,086528442800045	300,062774658203
1391,35	-0,109164744615555	300,100311279297
1392,346	-0,135776445269585	300,062774658203
1393,342	-0,143160238862038	300,137817382813
1394,336	-0,145512446761131	300,137817382813
1395,342	0,232486963272095	299,987731933594
1396,334	-0,162875220179558	300,062774658203
1397,334	0,213583052158356	300,025238037109
1398,326	-0,159872904419899	300,137817382813
1399,329	0,207417443394661	300,025238037109
1400,328	0,215936303138733	300,062774658203
1401,325	0,219100624322891	300,062774658203
1401,45	0,292931109666824	299,987731933594
1402,319	-0,221210151910782	9,39575329539366E-7
1403,313	-0,571219742298126	0,112569577991962
1404,31	-0,501444637775421	0,0750467032194138
1405,315	0,153138905763626	-0,0375219397246838
1406,309	0,18121075630188	9,39575329539366E-7
1407,306	0,196545332670212	9,39575329539366E-7
1408,304	0,194273069500923	0,0375238209962845
1409,304	0,178695499897003	9,39575329539366E-7
1410,298	0,172123834490776	-0,0375219397246838
1411,297	0,152489840984344	9,39575329539366E-7
1412,294	0,102105714380741	-0,0750448182225227
1413,294	0,0803625211119652	9,39575329539366E-7
1414,289	0,0722486823797226	9,39575329539366E-7
1415,289	0,129042476415634	-0,0750448182225227
1416,282	-0,00823550578206778	-0,0375219397246838
1417,281	-0,0392286628484726	-0,0750448182225227
1418,275	-0,0762254223227501	0,0375238209962845
1419,272	-0,0911539420485497	9,39575329539366E-7
1420,273	-0,106082461774349	9,39575329539366E-7
1421,268	-0,128717735409737	-0,113048762083054
1422,268	0,278651654720306	-0,0375219397246838
1423,264	-0,149731889367104	-0,0750448182225227
1424,258	-0,144944384694099	0,112569577991962
1425,258	-0,152328163385391	9,39575329539366E-7
1426,258	0,210013702511787	0,0750467032194138
1427,253	0,202305912971497	0,0375238209962845
1428,252	0,202873975038528	9,39575329539366E-7
1429,244	-0,198654860258102	0,0750467032194138
1430,251	0,190378680825233	0,0750467032194138
1431,242	0,194436118006706	0,0750467032194138
1432,242	0,186728328466415	0,0750467032194138
1433,236	0,210986778140068	9,39575329539366E-7
1434,24	0,216341316699982	0,0375238209962845
1435,238	0,220073714852333	9,39575329539366E-7
1436,233	0,223481044173241	-0,113048762083054
1437,229	0,238896623253822	0,0750467032194138
1438,227	0,24222294986248	-0,0750448182225227
1439,218	0,224698171019554	9,39575329539366E-7
1440,219	0,216179311275482	-0,0375219397246838
1441,219	0,215855300426483	-0,0750448182225227
1442,214	0,174152031540871	9,39575329539366E-7
1443,211	0,15476106107235	-0,0750448182225227
1444,21	0,130989670753479	-0,0375219397246838
1445,21	0,052208635956049	0,0375238209962845
1446,204	0,057320162653923	-0,0750448182225227
1447,2	0,019918380305171	0,0375238209962845
1448,197	0,00206854683347046	-0,150571644306183
1449,196	-0,0221089012920856	0,0375238209962845
1450,195	0,280436843633652	0,0375238209962845
1451,195	0,304047256708145	-0,0375219397246838
1452,189	0,316135466098785	-0,0750448182225227
1453,185	0,29828667640686	-0,0375219397246838
1454,181	-0,139995902776718	-0,0375219397246838
1455,179	0,278895705938339	-0,0750448182225227
1456,18	0,272405058145523	9,39575329539366E-7
1457,176	0,253176063299179	9,39575329539366E-7
1458,172	0,232974022626877	0,150092452764511
1459,166	-0,167094677686691	0,0750467032194138
1460,17	0,197843462228775	9,39575329539366E-7
1461,164	0,169284552335739	0,112569577991962
1462,162	0,161089703440666	0,0750467032194138
1463,157	0,177235350012779	9,39575329539366E-7
1464,161	0,171069741249084	0,0375238209962845
1465,158	-0,397837102413177	0,0750467032194138
1466,152	0,198005467653275	0,0375238209962845
1467,148	0,217802494764328	9,39575329539366E-7
1468,142	0,2410878688097	0,0750467032194138
1469,139	0,235813304781914	-0,0750448182225227
1470,141	0,24514427781105	9,39575329539366E-7
1471,138	0,225753292441368	-0,113048762083054
1472,136	0,18502414226532	-0,0750448182225227
1473,133	0,126770228147507	9,39575329539366E-7
1474,134	0,0999965071678162	-0,0375219397246838
1475,127	0,0179711822420359	-0,113048762083054
1476,13	0,276867508888245	-0,113048762083054
1477,125	0,291389971971512	9,39575329539366E-7
1478,12	0,291389971971512	9,39575329539366E-7
1479,118	0,268185585737228	-0,0750448182225227
1480,118	0,239707693457603	-0,0750448182225227
1481,112	0,219262629747391	0,0375238209962845
1482,11	0,212122917175293	0,0750467032194138
1483,108	0,188350483775139	9,39575329539366E-7
1484,101	-0,298368006944656	0,0750467032194138
1485,103	0,209607645869255	9,39575329539366E-7
1486,096	-0,413820743560791	0,0750467032194138
1487,098	0,24895766377449	9,39575329539366E-7
1488,092	0,248470604419708	9,39575329539366E-7
1489,096	0,219262629747391	-0,0750448182225227
1490,093	0,157763376832008	-0,0750448182225227
1491,087	0,127419292926788	9,39575329539366E-7
1492,084	0,0381732322275639	-0,0375219397246838
1493,077	-0,0212168246507645	0,0750467032194138
1494,077	-0,0569154508411884	-0,0750448182225227
1495,08	0,32424932718277	-0,0375219397246838
1496,072	-0,154194355010986	9,39575329539366E-7
1497,071	-0,148189708590508	-0,0750448182225227
1498,066	-0,162956222891808	9,39575329539366E-7
1499,07	0,221696898341179	9,39575329539366E-7
1500,066	0,217964500188828	0,0750467032194138
1501,061	0,224698171019554	9,39575329539366E-7
