sec"    "mA"    "mV
1,013	-0,118414714932442	0,0750467032194138
2,012	-0,55710232257843	0,150092452764511
3,003	-0,233461409807205	0,0750467032194138
4,001	-0,353538602590561	0,112569577991962
5,006	-0,299017071723938	9,39575329539366E-7
5,999	-0,268672972917557	0,18761533498764
6,997	-0,314918667078018	0,0375238209962845
7,992	-0,290336191654205	0,112569577991962
8,988	-0,281330287456512	0,0750467032194138
9,99	-0,218938946723938	0,150092452764511
10,99	0,0435277670621872	9,39575329539366E-7
11,983	-0,124256305396557	0,0750467032194138
12,984	0,0763871222734451	9,39575329539366E-7
13,976	0,00279861642047763	0,0375238209962845
14,973	0,104782983660698	0,0375238209962845
15,974	0,0754130035638809	0,0375238209962845
16,975	0,0595114082098007	9,39575329539366E-7
17,971	0,0565090887248516	9,39575329539366E-7
18,964	0,2412498742342	-0,0375219397246838
19,96	0,267861574888229	0,0375238209962845
20,963	-0,00361104006879032	9,39575329539366E-7
21,959	-0,0285185575485229	0,112569577991962
22,954	-0,0545621998608112	0,0750467032194138
23,951	-0,0820670202374458	0,0375238209962845
24,952	-0,107785612344742	0,0750467032194138
25,952	-0,134316310286522	9,39575329539366E-7
26,949	-0,16749969124794	0,18761533498764
27,943	-0,203685373067856	9,39575329539366E-7
28,937	-0,242142274975777	0,225619286298752
29,936	-0,260884195566177	0,0750467032194138
30,939	0,054723896086216	0,112569577991962
31,935	-0,286278754472733	9,39575329539366E-7
32,93	-0,321815401315689	0,18761533498764
33,923	-0,303803533315659	0,0750467032194138
34,928	-0,174802467226982	0,150092452764511
35,918	-0,116629526019096	9,39575329539366E-7
36,921	-0,114601321518421	0,0750467032194138
37,915	-0,326845914125443	0,0375238209962845
38,909	-0,24636173248291	0,0750467032194138
39,912	0,435077607631683	-0,0375219397246838
40,906	-0,108759731054306	0,0750467032194138
41,906	-0,0395526774227619	0,0375238209962845
42,9	0,0169970653951168	0,0750467032194138
43,899	0,115574091672897	9,39575329539366E-7
44,902	0,0740338712930679	9,39575329539366E-7
45,897	0,0341978333890438	0,0375238209962845
46,897	0,00255560595542192	0,0750467032194138
47,954	-0,291634351015091	0,0750467032194138
48,884	0,263480126857758	0,112569577991962
49,882	-0,136344522237778	0,150092452764511
50,883	-0,199303925037384	9,39575329539366E-7
51,881	-0,239059999585152	0,150092452764511
52,879	-0,275893718004227	0,0750467032194138
53,872	-0,296177804470062	0,150092452764511
54,869	-0,325222730636597	0,150092452764511
55,871	-0,31913810968399	0,0750467032194138
56,871	-0,284169554710388	0,0750467032194138
57,865	-0,214151442050934	0,150092452764511
58,858	-0,214881509542465	0,0750467032194138
59,86	-0,168311804533005	0,0750467032194138
60,857	-0,158331766724586	0,0750467032194138
61,851	-0,0639741718769073	0,0750467032194138
62,849	-0,00709938025102019	9,39575329539366E-7
63,845	0,0622696802020073	0,0750467032194138
64,843	0,111679695546627	9,39575329539366E-7
65,844	0,064459890127182	0,0750467032194138
66,837	0,204577133059502	-0,0750448182225227
67,839	0,038660291582346	0,112569577991962
68,83	0,235002219676971	-0,0375219397246838
69,834	0,00961432885378599	0,0750467032194138
70,834	-0,0453942716121674	0,0750467032194138
71,824	0,273541182279587	0,0750467032194138
72,827	-0,0949662998318672	0,112569577991962
73,819	0,251147866249084	0,0750467032194138
74,819	-0,160521969199181	0,150092452764511
75,818	-0,183807343244553	0,0750467032194138
76,814	-0,221859231591225	0,0750467032194138
77,811	-0,256827771663666	0,0750467032194138
78,805	-0,277354896068573	0,150092452764511
79,801	0,0591863542795181	0,0750467032194138
80,803	-0,314837664365768	0,0750467032194138
81,803	-0,310051202774048	0,112569577991962
82,798	-0,267861902713776	0,0750467032194138
83,792	-0,227862820029259	0,0750467032194138
84,79	-0,190054997801781	0,0750467032194138
85,794	0,0648659393191338	-0,0750448182225227
86,789	-0,0302227456122637	0,0750467032194138
87,784	0,0384162440896034	-0,0750448182225227
88,778	0,100483566522598	0,0750467032194138
89,784	0,064784936606884	-0,0375219397246838
90,781	0,0190252661705017	9,39575329539366E-7
91,777	-0,00450311647728086	0,112569577991962
92,775	-0,0439341329038143	0,0750467032194138
93,767	0,258612662553787	9,39575329539366E-7
94,763	0,231432884931564	-0,0750448182225227
95,766	-0,179345920681953	0,112569577991962
96,76	0,128231406211853	0,0750467032194138
97,761	-0,279707103967667	0,150092452764511
98,76	-0,298042953014374	0,0750467032194138
99,758	-0,302343398332596	0,0750467032194138
100,75	-0,275974720716476	0,0750467032194138
101,75	-0,247740864753723	0,0750467032194138
102,744	-0,185592532157898	0,0375238209962845
103,742	-0,117683604359627	0,112569577991962
104,741	-0,0386606007814407	9,39575329539366E-7
105,742	0,0320065841078758	9,39575329539366E-7
106,731	0,132043749094009	9,39575329539366E-7
107,735	0,195571213960648	0,0750467032194138
108,728	0,251472920179367	9,39575329539366E-7
109,724	0,272810071706772	0,0375238209962845
110,726	0,257881551980972	0,0750467032194138
111,718	0,229079633951187	9,39575329539366E-7
112,722	0,206200316548347	0,0750467032194138
113,715	0,149406522512436	0,0375238209962845
114,715	0,0766301304101944	0,150092452764511
115,715	-0,302830457687378	0,112569577991962
116,711	0,0464490838348866	0,150092452764511
117,705	0,00198754342272878	9,39575329539366E-7
118,703	0,0232447143644094	0,0375238209962845
119,699	0,031520564109087	0,0375238209962845
120,701	-0,015943294391036	9,39575329539366E-7
121,696	0,080930583178997	-0,0375219397246838
122,692	0,176018223166466	0,0750467032194138
123,688	0,0862041190266609	-0,0375219397246838
124,687	0,266238391399384	9,39575329539366E-7
125,687	0,27216100692749	9,39575329539366E-7
126,684	0,261451929807663	9,39575329539366E-7
127,679	0,219668686389923	0,150092452764511
128,673	-0,140076905488968	0,150092452764511
129,678	0,122145757079124	0,150092452764511
130,672	0,0478282198309898	0,0750467032194138
131,665	0,0273011177778244	0,0375238209962845
132,667	0,0246238503605127	0,0750467032194138
133,662	0,0602414757013321	0,0750467032194138
134,664	-0,0073423907160759	0,0750467032194138
135,656	0,0302224326878786	0,0375238209962845
136,657	0,0444198437035084	9,39575329539366E-7
137,652	0,0757380574941635	0,112569577991962
138,648	0,100564569234848	-0,0750448182225227
139,647	0,0774412080645561	0,0750467032194138
140,647	0,0509105063974857	9,39575329539366E-7
141,648	0,297880619764328	0,0750467032194138
142,64	0,00466481084004045	9,39575329539366E-7
143,637	-0,0394716747105122	0,0750467032194138
144,635	-0,101701006293297	0,112569577991962
145,629	-0,155897498130798	0,0375238209962845
146,632	0,110868625342846	0,150092452764511
147,63	0,081660658121109	0,0750467032194138
148,623	-0,264454573392868	0,112569577991962
149,618	-0,292364418506622	0,0375238209962845
150,622	0,00799114443361759	0,112569577991962
151,618	0,0054758838377893	9,39575329539366E-7
152,616	-0,0376864820718765	0,112569577991962
153,609	-0,201819181442261	0,0750467032194138
154,613	0,0393903627991676	0,0375238209962845
155,609	0,051235556602478	9,39575329539366E-7
156,605	0,0483962818980217	0,0750467032194138
157,603	0,0863661244511604	-0,0375219397246838
158,598	0,0974002480506897	9,39575329539366E-7
159,592	0,0965081676840782	9,39575329539366E-7
160,594	0,0952910408377647	0,0750467032194138
161,594	0,0888003781437874	-0,0375219397246838
162,589	0,0543188787996769	0,0750467032194138
163,582	0,0271391104906797	0,0750467032194138
164,587	0,28708952665329	-0,0375219397246838
165,577	-0,0547242052853107	0,0750467032194138
166,576	-0,0750892981886864	0,0750467032194138
167,576	-0,0913159474730492	0,112569577991962
168,57	-0,152003109455109	9,39575329539366E-7
169,57	-0,178858861327171	0,150092452764511
170,571	0,106730177998543	9,39575329539366E-7
171,56	-0,245712652802467	0,18761533498764
172,564	0,0513165593147278	0,0750467032194138
173,556	-0,290985286235809	0,150092452764511
174,554	-0,313783586025238	0,112569577991962
175,555	-0,000121661330922507	0,150092452764511
176,555	-0,00434110965579748	0,0750467032194138
177,548	0,0185382068157196	0,0750467032194138
178,544	-0,20522652566433	0,0750467032194138
179,549	0,0673002004623413	0,150092452764511
180,543	0,0827967822551727	9,39575329539366E-7
181,539	0,0731417909264565	0,0750467032194138
182,534	0,0605654902756214	-0,0750448182225227
183,531	0,0427976995706558	0,0750467032194138
184,533	-0,0782536268234253	0,0750467032194138
185,529	-0,0381735414266586	0,0750467032194138
186,526	-0,184375405311584	0,18761533498764
187,521	-0,252527326345444	0,0375238209962845
188,517	-0,284575611352921	0,150092452764511
189,518	-0,283845543861389	9,39575329539366E-7
190,518	0,00677401572465897	0,0750467032194138
191,513	-0,255772650241852	0,112569577991962
192,509	-0,193138316273689	-0,0375219397246838
193,503	-0,109245747327805	9,39575329539366E-7
194,509	0,0706265345215797	0,0750467032194138
195,498	0,086691178381443	9,39575329539366E-7
196,501	0,0620266683399677	0,0375238209962845
197,496	0,229647696018219	9,39575329539366E-7
198,492	0,279463768005371	0,0750467032194138
199,492	-0,042554996907711	0,0375238209962845
200,492	-0,101782009005547	0,0750467032194138
201,486	-0,144295319914818	0,0750467032194138
202,481	0,194598123431206	-0,0375219397246838
203,479	0,153138905763626	0,0750467032194138
204,473	0,11313983798027	-0,0375219397246838
205,478	-0,305588752031326	0,0750467032194138
206,478	-0,296907871961594	0,0750467032194138
207,47	-0,307942003011703	0,0750467032194138
208,466	-0,276786834001541	9,39575329539366E-7
209,462	-0,256016701459885	0,0375238209962845
210,464	-0,211474165320396	0,0375238209962845
211,461	-0,112086065113544	9,39575329539366E-7
212,459	-0,0151311820372939	0,0375238209962845
213,457	0,0642978772521019	0,0750467032194138
214,449	0,179182559251785	-0,0750448182225227
215,451	0,258774667978287	0,0375238209962845
216,448	0,293337166309357	-0,0750448182225227
217,444	0,295203357934952	0,0750467032194138
218,439	0,253420114517212	0,0750467032194138
219,441	0,191676810383797	9,39575329539366E-7
220,439	-0,285954743623734	0,150092452764511
221,436	-0,318408042192459	0,112569577991962
222,433	-0,312890470027924	0,0750467032194138
223,427	0,0068550193682313	0,0750467032194138
224,421	0,0170780681073666	0,0750467032194138
225,424	-0,111436992883682	9,39575329539366E-7
226,421	0,0556980147957802	9,39575329539366E-7
227,417	0,0778472647070885	-0,0750448182225227
228,413	0,0743589252233505	0,0750467032194138
229,416	0,30218106508255	0,0375238209962845
230,415	0,277516573667526	0,0375238209962845
231,405	-0,0907478854060173	0,150092452764511
232,408	0,149082511663437	0,112569577991962
233,4	0,079388402402401	0,18761533498764
234,396	-0,292201370000839	0,0750467032194138
235,399	-0,00604425882920623	0,0750467032194138
236,392	-0,00214986270293593	0,0750467032194138
237,394	0,0238937810063362	0,0375238209962845
238,386	0,0544808879494667	9,39575329539366E-7
239,391	0,0900175124406815	0,0750467032194138
240,384	0,0836888551712036	-0,0375219397246838
241,383	0,0845809355378151	0,112569577991962
242,376	0,0781712755560875	-0,0750448182225227
243,373	0,0564280860126019	0,112569577991962
244,373	0,0201613903045654	0,0375238209962845
245,375	0,266482442617416	0,0750467032194138
246,371	0,224049106240273	0,0750467032194138
247,364	-0,1446203738451	9,39575329539366E-7
248,365	0,111355684697628	0,112569577991962
249,357	-0,253744453191757	9,39575329539366E-7
250,355	-0,289687126874924	0,18761533498764
251,355	0,0119665432721376	0,0750467032194138
252,354	0,00880221743136644	0,112569577991962
253,349	0,019836338236928	0,112569577991962
254,346	0,0327366553246975	0,112569577991962
255,346	0,0406074896454811	0,0750467032194138
256,346	0,0726547315716743	0,112569577991962
257,342	0,0765491276979446	0,0375238209962845
258,333	0,0317635759711266	0,0750467032194138
259,337	0,0810115858912468	-0,0750448182225227
260,327	0,170744687318802	0,0750467032194138
261,329	0,0551299527287483	0,0375238209962845
262,325	0,024379801005125	0,0750467032194138
263,322	-0,0105877202004194	0,0750467032194138
264,321	-0,0574835166335106	0,0375238209962845
265,323	0,199952661991119	0,112569577991962
266,314	-0,154031306505203	0,0750467032194138
267,315	-0,196626648306847	0,0375238209962845
268,307	-0,248551934957504	0,0375238209962845
269,306	-0,273460477590561	0,112569577991962
270,306	-0,288956046104431	0,112569577991962
271,306	-0,00547723472118378	0,0750467032194138
272,299	-0,314269602298737	0,112569577991962
273,295	-0,300396203994751	0,112569577991962
274,292	-0,269079029560089	0,0750467032194138
275,295	0,0316015668213367	0,0375238209962845
276,291	0,0732227936387062	-0,0375219397246838
277,286	-0,0744402334094048	0,0750467032194138
278,286	0,0870961919426918	-0,0750448182225227
279,286	0,0810115858912468	0,0375238209962845
280,284	0,0740338712930679	9,39575329539366E-7
281,278	0,062350682914257	0,0750467032194138
282,274	0,02900530397892	-0,0375219397246838
283,268	0,288306653499603	0,0750467032194138
284,268	-0,0528590492904186	0,0750467032194138
285,268	-0,109732806682587	0,0750467032194138
286,265	-0,161739096045494	0,150092452764511
287,263	-0,212448284029961	-0,0375219397246838
288,256	-0,24644273519516	0,18761533498764
289,26	-0,297556936740875	9,39575329539366E-7
290,253	-0,296339809894562	9,39575329539366E-7
291,255	0,0133456792682409	0,112569577991962
292,249	-0,282303363084793	0,0750467032194138
293,247	-0,257395833730698	0,0750467032194138
294,244	-0,229486003518105	0,112569577991962
295,244	0,069815456867218	9,39575329539366E-7
296,235	-0,0278694927692413	0,0750467032194138
297,237	0,0877452567219734	-0,0750448182225227
298,23	0,159304514527321	0,0750467032194138
299,234	0,0363070406019688	9,39575329539366E-7
300,228	0,0131026683375239	0,0750467032194138
301,228	-0,0277884881943464	0,112569577991962
302,219	0,278002589941025	9,39575329539366E-7
303,218	0,236544400453568	0,0750467032194138
304,22	-0,217802822589874	0,0750467032194138
305,218	-0,27362248301506	0,112569577991962
306,212	-0,316135793924332	0,112569577991962
307,21	-0,316865861415863	0,112569577991962
308,202	0,0131836719810963	9,39575329539366E-7
309,198	0,0131026683375239	0,0750467032194138
310,202	-0,259586066007614	0,0375238209962845
311,199	-0,207985833287239	0,150092452764511
312,195	-0,165309473872185	9,39575329539366E-7
313,19	-0,0881516262888908	0,0750467032194138
314,194	0,01204754691571	-0,0375219397246838
315,189	0,0488823018968105	0,0750467032194138
316,183	0,132611811161041	-0,113048762083054
317,181	0,225266233086586	0,112569577991962
318,175	0,285954415798187	-0,0750448182225227
319,172	0,29447329044342	0,0750467032194138
320,175	0,288387656211853	0,0750467032194138
321,172	0,267455518245697	-0,0375219397246838
322,17	0,211067795753479	0,150092452764511
323,165	0,151434719562531	0,0750467032194138
324,166	-0,281979352235794	0,150092452764511
325,156	0,0435277670621872	0,0750467032194138
326,158	0,0183761995285749	0,0750467032194138
327,156	0,00539488019421697	9,39575329539366E-7
328,152	0,0162669960409403	9,39575329539366E-7
329,151	-0,0958594083786011	0,0375238209962845
330,151	0,00677401572465897	9,39575329539366E-7
331,141	0,0679492652416229	9,39575329539366E-7
332,145	0,175369158387184	0,0750467032194138
333,137	0,0655960142612457	9,39575329539366E-7
334,142	0,267131507396698	0,0750467032194138
335,135	0,283926218748093	0,0375238209962845
336,135	0,259666740894318	9,39575329539366E-7
337,128	0,223563089966774	0,150092452764511
338,124	-0,116629526019096	0,0750467032194138
339,121	0,132692813873291	0,0750467032194138
340,119	0,0921267122030258	0,112569577991962
341,121	0,0564280860126019	0,0750467032194138
342,116	0,02900530397892	0,0750467032194138
343,113	0,00880221743136644	0,0750467032194138
344,106	0,0144008006900549	0,112569577991962
345,113	-0,206443652510643	-0,0375219397246838
346,107	0,0326556526124477	9,39575329539366E-7
347,103	0,0496123731136322	0,0375238209962845
348,097	0,0609715469181538	9,39575329539366E-7
349,098	0,0674622058868408	0,0375238209962845
350,091	0,076955184340477	9,39575329539366E-7
351,093	0,0727357417345047	0,0375238209962845
352,092	0,234029144048691	-0,0375219397246838
353,085	0,0527766980230808	0,112569577991962
354,089	0,262669056653976	0,0750467032194138
355,081	0,0122915962710977	9,39575329539366E-7
356,082	0,245712339878082	9,39575329539366E-7
357,078	0,229566693305969	0,0750467032194138
358,071	-0,0864474326372147	0,0750467032194138
359,073	0,16628223657608	9,39575329539366E-7
360,073	0,142834857106209	0,112569577991962
361,063	-0,17439641058445	-0,0375219397246838
362,062	0,0836078524589539	0,0750467032194138
363,06	0,0626757368445396	9,39575329539366E-7
364,055	0,0466920956969261	0,0750467032194138
365,057	0,0268950611352921	9,39575329539366E-7
366,048	-0,286603808403015	0,18761533498764
367,052	0,00969533156603575	0,150092452764511
368,045	0,00945128314197063	9,39575329539366E-7
369,043	0,0126156099140644	9,39575329539366E-7
370,047	-0,1744774132967	0,0750467032194138
371,041	0,020891459658742	9,39575329539366E-7
372,04	0,0394713655114174	0,0375238209962845
373,032	0,0455559715628624	-0,0750448182225227
374,028	0,0566710941493511	-0,0375219397246838
375,031	0,059430405497551	9,39575329539366E-7
376,029	0,0649469494819641	0,0375238209962845
377,024	0,0673002004623413	-0,0750448182225227
378,02	0,0570771507918835	0,0375238209962845
379,02	0,0504244826734066	9,39575329539366E-7
380,02	0,263074070215225	9,39575329539366E-7
381,012	0,00425875512883067	0,0375238209962845
382,009	-0,0231640227138996	0,0750467032194138
383,007	-0,0541571825742722	0,112569577991962
384,01	0,205307200551033	0,0375238209962845
385,005	0,178209468722343	0,0750467032194138
385,998	-0,143322244286537	0,0750467032194138
386,998	0,120928630232811	0,0750467032194138
387,993	-0,208228841423988	0,0750467032194138
388,996	0,0654340088367462	0,0750467032194138
389,991	0,0419056229293346	0,0750467032194138
390,992	0,0389843061566353	0,0750467032194138
391,983	0,0246238503605127	0,0750467032194138
393,139	-0,18218520283699	9,39575329539366E-7
393,982	0,0122105926275253	0,0375238209962845
394,979	0,0139947449788451	0,0750467032194138
395,97	0,0107494154945016	0,0375238209962845
396,971	0,0175651274621487	0,0750467032194138
397,967	0,0245428457856178	-0,0375219397246838
399,093	0,140968665480614	-0,0375219397246838
399,966	0,0318445786833763	0,0750467032194138
401,286	0,0895304530858994	0,0750467032194138
401,957	0,0484772846102715	0,0375238209962845
403,144	-0,0768744945526123	0,0750467032194138
403,955	0,0625126883387566	9,39575329539366E-7
404,949	0,063405804336071	0,0750467032194138
405,944	0,065839022397995	-0,0750448182225227
406,947	0,193624004721642	0,0750467032194138
407,942	0,058781336992979	-0,0375219397246838
408,943	0,236706420779228	0,0750467032194138
409,942	0,247821539640427	0,0750467032194138
410,932	0,0395523682236671	0,0375238209962845
411,932	0,25617840886116	9,39575329539366E-7
412,926	0,0105874082073569	0,0750467032194138
413,924	0,00239359913393855	-0,0375219397246838
414,926	0,254718244075775	0,0750467032194138
415,922	0,240519806742668	9,39575329539366E-7
416,921	0,221371844410896	0,0375238209962845
417,915	0,202305912971497	0,112569577991962
418,918	0,183888018131256	9,39575329539366E-7
419,909	0,161495760083199	0,0750467032194138
420,91	0,144701048731804	-0,0375219397246838
421,907	0,120928630232811	9,39575329539366E-7
422,901	0,0968321859836578	0,0750467032194138
423,901	0,0751699954271317	0,0750467032194138
424,902	-0,274027526378632	0,112569577991962
425,891	0,0445828922092915	0,0750467032194138
426,893	0,029573367908597	0,0750467032194138
427,887	0,0195123255252838	0,112569577991962
428,893	-0,264210522174835	0,0750467032194138
429,886	0,0147258527576923	0,0750467032194138
430,887	-0,22851188480854	9,39575329539366E-7
431,882	-0,19776277244091	0,0375238209962845
432,876	0,0210534669458866	9,39575329539366E-7
433,872	0,0312765166163445	0,0375238209962845
434,873	-0,0659213736653328	0,0750467032194138
435,871	-0,00953363720327616	9,39575329539366E-7
436,868	0,0465300865471363	-0,0750448182225227
437,861	0,0669751465320587	0,0750467032194138
438,859	0,0703824833035469	-0,0750448182225227
439,864	0,186484292149544	0,0375238209962845
440,858	0,223157033324242	9,39575329539366E-7
441,854	0,246604412794113	9,39575329539366E-7
442,847	0,0571581535041332	-0,0750448182225227
443,848	0,27216100692749	0,0750467032194138
444,85	0,27873370051384	-0,0375219397246838
445,845	0,275488376617432	0,0750467032194138
446,84	0,271999001502991	0,0750467032194138
447,836	0,265670329332352	0,0375238209962845
448,84	0,234759211540222	0,112569577991962
449,833	0,238166555762291	0,0375238209962845
450,833	0,227051421999931	0,0750467032194138
451,828	0,213095992803574	0,0375238209962845
452,822	0,199222594499588	0,0750467032194138
453,824	0,190297678112984	9,39575329539366E-7
454,817	0,179588600993156	0,150092452764511
455,815	0,169040501117706	-0,0375219397246838
456,816	-0,228106871247292	0,150092452764511
457,811	0,150785654783249	-0,0375219397246838
458,814	-0,250824183225632	0,112569577991962
459,809	-0,254474520683289	0,0750467032194138
460,809	-0,264129519462585	0,112569577991962
461,801	-0,26997110247612	0,0750467032194138
462,798	0,0919647067785263	0,0750467032194138
463,792	0,0879893079400063	0,0750467032194138
464,795	-0,28481861948967	0,150092452764511
465,793	-0,285710692405701	9,39575329539366E-7
466,79	-0,291228294372559	0,112569577991962
467,783	0,0496123731136322	0,0375238209962845
468,78	0,0426356941461563	0,0750467032194138
469,785	-0,291309297084808	0,0375238209962845
470,778	-0,294879674911499	0,0750467032194138
471,776	-0,291715353727341	0,0750467032194138
472,771	-0,283358484506607	0,112569577991962
473,775	-0,282222360372543	0,0750467032194138
474,77	-0,280032157897949	0,112569577991962
475,765	-0,259667068719864	0,112569577991962
476,763	-0,272729396820068	0,112569577991962
477,756	-0,260722190141678	0,0750467032194138
478,756	-0,250012069940567	0,0750467032194138
479,757	-0,250499129295349	9,39575329539366E-7
480,754	0,0261649917811155	0,0750467032194138
481,751	0,0199993848800659	9,39575329539366E-7
482,745	-0,228187873959541	0,0750467032194138
483,747	0,0298973806202412	9,39575329539366E-7
484,736	-0,228592902421951	0,0750467032194138
485,737	-0,224942550063133	0,0750467032194138
486,734	-0,200521051883698	0,0750467032194138
487,732	-0,21682870388031	0,0750467032194138
488,731	0,0353329218924046	0,0375238209962845
489,731	0,0338727794587612	9,39575329539366E-7
490,723	-0,177722737193108	0,0750467032194138
491,724	0,0440958328545094	-0,0750448182225227
492,717	-0,132450118660927	0,150092452764511
493,721	0,056915145367384	-0,0375219397246838
494,715	0,0575642101466656	0,112569577991962
495,715	0,0692473948001862	-0,0750448182225227
496,708	0,0685983300209045	0,0750467032194138
497,705	0,0718436613678932	-0,0750448182225227
498,709	0,07054553180933	0,0750467032194138
499,706	0,0638108178973198	-0,0375219397246838
500,702	0,0707885399460793	0,0750467032194138
501,696	0,0509105063974857	9,39575329539366E-7
502,691	0,0797944590449333	0,0750467032194138
503,693	0,036145031452179	9,39575329539366E-7
504,693	0,252283990383148	0,0375238209962845
505,687	-0,0114808352664113	9,39575329539366E-7
506,682	-0,00125778641086072	9,39575329539366E-7
507,677	-0,0652723088860512	0,0750467032194138
508,675	-0,106325469911098	0,0750467032194138
509,678	0,163847982883453	0,0750467032194138
510,676	0,151921778917313	0,0750467032194138
511,669	-0,176992669701576	0,112569577991962
512,666	-0,213178351521492	9,39575329539366E-7
513,669	0,0607285350561142	0,112569577991962
514,66	-0,252446323633194	9,39575329539366E-7
515,662	0,0465300865471363	0,150092452764511
516,657	0,0265710484236479	0,0375238209962845
517,651	-0,282952427864075	0,150092452764511
518,653	0,0148068564012647	0,0375238209962845
519,654	0,0124536026269197	0,0750467032194138
520,647	0,0135087240487337	9,39575329539366E-7
521,646	0,0149688636884093	0,0375238209962845
522,64	0,0161859914660454	0,0750467032194138
523,636	0,03298070281744	0,0375238209962845
524,638	0,0338727794587612	0,0750467032194138
525,638	0,0375241674482822	0,0750467032194138
526,63	0,0440148264169693	9,39575329539366E-7
527,626	0,0585372895002365	0,0750467032194138
528,624	0,056915145367384	9,39575329539366E-7
529,627	0,0781712755560875	0,112569577991962
530,624	0,0649469494819641	-0,0375219397246838
531,62	0,0741148740053177	0,0750467032194138
532,612	0,0593483634293079	-0,0375219397246838
533,616	0,243765130639076	0,0375238209962845
534,612	0,258530616760254	9,39575329539366E-7
535,606	0,0119665432721376	0,0750467032194138
536,605	-0,0202427078038454	0,0750467032194138
537,6	-0,0465303957462311	0,112569577991962
538,597	-0,0713569074869156	0,0750467032194138
539,6	0,187214359641075	0,0750467032194138
540,592	-0,12944883108139	0,150092452764511
541,592	0,134153991937637	0,0750467032194138
542,587	-0,186403602361679	0,112569577991962
543,59	0,0910715907812119	-0,0375219397246838
544,584	0,0635678097605705	0,150092452764511
545,577	-0,250661134719849	-0,0375219397246838
546,577	0,0392273180186749	0,0750467032194138
547,573	0,0156179293990135	0,0750467032194138
548,575	0,00734207825735211	0,0750467032194138
549,575	0,0131026683375239	0,0750467032194138
550,569	0,017403120175004	9,39575329539366E-7
551,568	0,0297353733330965	0,0750467032194138
552,558	0,0311145093291998	0,0375238209962845
553,565	-0,0612969063222408	0,112569577991962
554,554	0,0609715469181538	0,0750467032194138
555,55	0,0564280860126019	9,39575329539366E-7
556,552	0,0678682625293732	0,0750467032194138
557,546	0,0700584724545479	-0,0375219397246838
558,544	0,0622696802020073	-0,0375219397246838
559,545	0,056915145367384	9,39575329539366E-7
560,544	0,246117353439331	0,0375238209962845
561,541	0,266725450754166	0,0750467032194138
562,533	0,0123725989833474	-0,0750448182225227
563,538	0,25390613079071	0,0750467032194138
564,536	0,229322642087936	0,0750467032194138
565,524	-0,0884756371378899	0,112569577991962
566,526	0,159386560320854	0,0750467032194138
567,519	-0,174802467226982	0,225619286298752
568,526	0,084094911813736	9,39575329539366E-7
569,523	0,0540748313069344	0,150092452764511
570,517	0,0297353733330965	9,39575329539366E-7
571,514	0,0164290014654398	0,0375238209962845
572,509	0,00985733885318041	0,0375238209962845
573,507	0,0234877243638039	0,150092452764511
574,507	0,029573367908597	0,0750467032194138
575,504	0,0380112268030643	0,150092452764511
576,5	0,0580502301454544	9,39575329539366E-7
577,495	0,0621076710522175	0,112569577991962
578,491	0,0652719959616661	9,39575329539366E-7
579,492	0,0528577044606209	9,39575329539366E-7
580,49	0,0290863085538149	9,39575329539366E-7
581,486	-0,00231290818192065	0,0750467032194138
582,481	-0,0370374172925949	9,39575329539366E-7
583,482	-0,0768744945526123	0,0375238209962845
584,483	0,172691896557808	0,18761533498764
585,473	-0,161415085196495	0,0375238209962845
586,476	0,0983743667602539	0,150092452764511
587,467	-0,232650339603424	9,39575329539366E-7
588,466	-0,260884195566177	-0,0375219397246838
589,468	0,0303034372627735	0,112569577991962
590,468	0,00133847747929394	0,0750467032194138
591,46	-0,283845543861389	9,39575329539366E-7
592,456	-0,254231512546539	0,0750467032194138
593,683	0,0520466305315495	0,0750467032194138
594,668	-0,0238940920680761	9,39575329539366E-7
595,452	0,0510735511779785	-0,0375219397246838
596,448	0,0647039338946342	0,0750467032194138
597,442	0,00750408507883549	0,0375238209962845
598,438	0,0741148740053177	0,0750467032194138
599,444	0,064784936606884	9,39575329539366E-7
600,437	0,0509105063974857	0,0375238209962845
601,434	0,0292483158409595	9,39575329539366E-7
602,433	0,00450280401855707	0,0375238209962845
603,429	-0,0273014288395643	-0,0375219397246838
604,428	-0,058618601411581	0,0750467032194138
605,426	-0,0977256074547768	0,0750467032194138
606,423	-0,133992299437523	0,0750467032194138
607,416	-0,165390476584435	0,150092452764511
608,42	0,10518904030323	-0,0375219397246838
609,413	-0,221616208553314	0,112569577991962
610,406	-0,230703145265579	9,39575329539366E-7
611,408	-0,253014385700226	0,150092452764511
612,403	-0,258693993091583	9,39575329539366E-7
613,404	-0,276705831289291	0,112569577991962
614,404	0,01634799875319	9,39575329539366E-7
615,395	-0,284331560134888	0,112569577991962
616,395	0,0165910087525845	9,39575329539366E-7
617,39	-0,279869109392166	0,0750467032194138
618,387	-0,266320765018463	0,0375238209962845
619,389	0,0244618430733681	9,39575329539366E-7
620,389	0,0199993848800659	-0,0750448182225227
621,382	0,0356579720973969	0,150092452764511
622,375	-0,131313994526863	0,0375238209962845
623,372	-0,0900178179144859	0,0750467032194138
624,379	0,0704645290970802	0,0375238209962845
625,373	0,0707885399460793	0,150092452764511
626,371	0,0646229311823845	9,39575329539366E-7
627,363	0,0548869445919991	0,0375238209962845
628,36	0,0498564206063747	9,39575329539366E-7
629,363	0,030465442687273	0,0750467032194138
630,36	0,00490782130509615	0,0750467032194138
631,357	-0,0356582812964916	0,112569577991962
632,352	-0,0769554972648621	0,112569577991962
633,355	0,172610893845558	0,0375238209962845
634,35	-0,174558416008949	0,18761533498764
635,348	-0,222508296370506	0,0375238209962845
636,343	-0,271675288677216	0,18761533498764
637,336	-0,28473761677742	0,0750467032194138
638,336	-0,300072193145752	0,0750467032194138
639,336	-0,279383093118668	0,0750467032194138
640,332	-0,264210522174835	0,150092452764511
641,333	0,0203233975917101	-0,0375219397246838
642,323	-0,150949031114578	0,0375238209962845
643,329	0,0596734136343002	9,39575329539366E-7
644,317	-0,005071179009974	9,39575329539366E-7
645,317	0,0673002004623413	9,39575329539366E-7
646,316	0,0746019333600998	0,0375238209962845
647,312	0,21147383749485	-0,0375219397246838
648,312	0,00774813396856189	-0,0375219397246838
649,313	-0,0273824334144592	9,39575329539366E-7
650,308	-0,0660833790898323	0,0750467032194138
651,302	-0,1150873452425	0,0375238209962845
652,3	-0,160035952925682	-0,0750448182225227
653,303	-0,215125560760498	0,225619286298752
654,296	-0,253420442342758	0,0375238209962845
655,296	-0,29585275053978	0,0750467032194138
656,292	-0,305020660161972	-0,0375219397246838
657,286	-0,287008821964264	0,225619286298752
658,282	-0,275082647800446	0,0375238209962845
659,286	-0,226564690470695	0,112569577991962
660,281	-0,153950303792953	0,0750467032194138
661,276	-0,0844192355871201	0,0750467032194138
662,27	0,00653100525960326	-0,0750448182225227
663,267	0,0951290354132652	0,0375238209962845
664,27	0,171150743961334	-0,0375219397246838
665,266	0,217477440834045	0,0750467032194138
666,262	0,247091472148895	-0,0375219397246838
667,258	0,271187901496887	0,0375238209962845
668,258	0,272810071706772	0,0750467032194138
669,258	-0,0992667451500893	-0,0750448182225227
670,255	-0,141537055373192	0,150092452764511
671,251	-0,185754537582397	9,39575329539366E-7
672,245	0,176343277096748	-0,0375219397246838
673,249	-0,240682139992714	9,39575329539366E-7
674,241	0,118981428444386	9,39575329539366E-7
675,242	-0,282709419727325	0,0750467032194138
676,237	-0,286359757184982	0,0750467032194138
677,232	0,0398763827979565	-0,0375219397246838
678,233	-0,282709419727325	0,112569577991962
679,225	0,0153749184682965	0,112569577991962
680,224	-0,245063588023186	0,0750467032194138
681,223	-0,205632582306862	0,0375238209962845
682,22	-0,170989066362381	0,150092452764511
683,215	-0,110138863325119	0,0750467032194138
684,218	-0,0784966349601746	0,0375238209962845
685,216	-0,0362263433635235	0,0750467032194138
686,21	0,0054758838377893	0,112569577991962
687,207	0,035089910030365	-0,0375219397246838
688,208	0,0948039814829826	0,0750467032194138
689,204	0,124742023646832	9,39575329539366E-7
690,201	0,161170706152916	0,0375238209962845
691,201	0,0577262155711651	9,39575329539366E-7
692,201	0,0375241674482822	0,0750467032194138
693,19	0,238977625966072	9,39575329539366E-7
694,19	0,248308598995209	9,39575329539366E-7
695,193	-0,00417910283431411	9,39575329539366E-7
696,186	-0,0190255790948868	0,0750467032194138
697,181	0,281653970479965	9,39575329539366E-7
698,18	-0,0488826110959053	9,39575329539366E-7
699,181	-0,0675435215234756	0,150092452764511
700,172	0,268348634243011	9,39575329539366E-7
701,171	-0,111436992883682	0,150092452764511
702,169	-0,125148385763168	9,39575329539366E-7
703,17	-0,149406850337982	0,112569577991962
704,163	-0,173098266124725	9,39575329539366E-7
705,163	-0,188188791275024	0,0750467032194138
706,159	-0,210663095116615	0,0750467032194138
707,154	-0,219181954860687	0,150092452764511
708,156	-0,260722190141678	9,39575329539366E-7
709,147	-0,248876988887787	0,150092452764511
710,147	-0,279951155185699	0,0750467032194138
711,148	-0,317271918058395	0,150092452764511
712,142	-0,289849132299423	0,0750467032194138
713,146	0,0172400753945112	0,0750467032194138
714,141	-0,30347952246666	0,112569577991962
715,131	-0,284494608640671	0,0375238209962845
716,133	-0,288956046104431	0,0375238209962845
717,129	-0,277921915054321	0,0375238209962845
718,124	-0,271431237459183	0,0750467032194138
719,127	0,000446401216322556	0,0750467032194138
720,125	0,0209724642336369	9,39575329539366E-7
721,118	-0,218045830726624	9,39575329539366E-7
722,114	-0,19029800593853	0,0750467032194138
723,118	0,0444198437035084	0,112569577991962
724,114	0,0556170120835304	0,0375238209962845
725,104	-0,081822969019413	0,0375238209962845
726,105	0,0659210681915283	-0,113048762083054
727,101	-0,0266523640602827	0,0750467032194138
728,106	0,0697334185242653	-0,0750448182225227
729,101	0,0639738664031029	0,0375238209962845
730,097	0,0625126883387566	-0,0375219397246838
731,095	0,0799564644694328	0,0750467032194138
732,089	0,05983542278409	0,0750467032194138
733,084	0,0471791550517082	9,39575329539366E-7
734,09	0,0450689122080803	9,39575329539366E-7
735,085	0,0248668603599072	0,0375238209962845
736,078	0,00596294272691011	9,39575329539366E-7
737,074	-0,0161863043904305	0,0750467032194138
738,078	-0,0276264809072018	9,39575329539366E-7
739,072	-0,043528076261282	9,39575329539366E-7
740,07	-0,0636491253972054	0,0750467032194138
741,069	-0,0832021087408066	9,39575329539366E-7
742,062	-0,0986176803708076	0,0750467032194138
743,066	0,168797492980957	0,0375238209962845
744,065	0,145512118935585	0,150092452764511
745,053	-0,17439641058445	9,39575329539366E-7
746,053	-0,198979914188385	0,0750467032194138
747,049	-0,223319366574287	-0,0375219397246838
748,054	0,0585372895002365	0,0750467032194138
749,047	0,0342788398265839	0,0375238209962845
750,039	-0,276705831289291	0,0750467032194138
751,04	0,0103443982079625	9,39575329539366E-7
752,036	-0,284169554710388	0,0750467032194138
753,031	-0,268348962068558	0,0750467032194138
754,037	0,0105064045637846	0,0375238209962845
755,032	0,0320875905454159	9,39575329539366E-7
756,027	0,0335487648844719	-0,0375219397246838
757,024	0,0631617531180382	9,39575329539366E-7
758,025	0,0641358718276024	0,0375238209962845
759,025	0,0638918280601501	-0,0750448182225227
760,018	0,0680302679538727	0,0375238209962845
761,014	0,0620266683399677	-0,0375219397246838
762,01	0,0334677621722221	9,39575329539366E-7
763,01	0,00555688701570034	9,39575329539366E-7
764,009	-0,0263283494859934	-0,0375219397246838
765,006	-0,0664894357323647	0,0750467032194138
766,001	-0,122714124619961	-0,0375219397246838
766,996	-0,16741868853569	9,39575329539366E-7
768,001	0,0604844875633717	0,0750467032194138
768,994	-0,265833705663681	0,112569577991962
769,993	-0,292120367288589	0,0750467032194138
770,99	0,0132646756246686	0,0375238209962845
771,983	-0,302019387483597	0,0375238209962845
772,985	0,0100193452090025	0,0750467032194138
773,986	0,0203233975917101	0,0375238209962845
774,976	-0,200521051883698	9,39575329539366E-7
775,974	-0,11086893081665	-0,0375219397246838
776,971	-0,0140770990401506	0,0375238209962845
777,975	0,0748449414968491	-0,0375219397246838
778,97	0,0625936910510063	9,39575329539366E-7
779,97	0,039065308868885	9,39575329539366E-7
780,962	0,00133847747929394	9,39575329539366E-7
781,955	0,282060027122498	0,0750467032194138
782,953	0,269727766513824	9,39575329539366E-7
783,958	-0,165471494197845	0,150092452764511
784,953	-0,229891031980515	0,0750467032194138
785,951	-0,270296156406403	0,0750467032194138
786,942	-0,298124998807907	0,0750467032194138
787,947	-0,293094485998154	0,112569577991962
788,937	-0,29585275053978	-0,0375219397246838
789,937	-0,247497856616974	9,39575329539366E-7
790,937	-0,204334437847137	0,0750467032194138
791,931	-0,126446515321732	0,112569577991962
792,932	-0,0370374172925949	9,39575329539366E-7
793,931	0,0849869921803474	-0,0750448182225227
794,928	0,0695714130997658	9,39575329539366E-7
795,922	0,207498446106911	0,0750467032194138
796,918	0,259828746318817	0,0375238209962845
797,922	-0,0188635718077421	0,150092452764511
798,917	-0,0790646970272064	0,0750467032194138
799,915	-0,149569883942604	9,39575329539366E-7
800,91	-0,214070439338684	0,18761533498764
801,905	0,125797137618065	0,0750467032194138
802,91	-0,297799944877625	0,18761533498764
803,897	0,027950182557106	9,39575329539366E-7
804,9	-0,278815031051636	0,112569577991962
805,896	-0,23167622089386	0,112569577991962
806,892	-0,156709611415863	0,0750467032194138
807,892	-0,0869344919919968	0,0375238209962845
808,891	0,0154559221118689	0,0750467032194138
809,882	0,0612145587801933	9,39575329539366E-7
810,884	0,202142864465714	0,150092452764511
811,885	0,273622184991837	-0,0375219397246838
812,882	0,281572967767715	0,0750467032194138
813,877	0,245793342590332	0,150092452764511
814,876	0,183564007282257	0,0375238209962845
815,873	0,110381565988064	9,39575329539366E-7
816,865	0,0481522344052792	9,39575329539366E-7
817,87	-0,28863200545311	0,112569577991962
818,867	-0,252446323633194	0,0375238209962845
819,861	0,025434922426939	0,112569577991962
820,858	0,0458000190556049	0,0750467032194138
821,853	0,0599974282085896	0,0750467032194138
822,848	0,0645408928394318	-0,0375219397246838
823,853	0,248632609844208	9,39575329539366E-7
824,847	0,0244618430733681	0,150092452764511
825,844	-0,032493956387043	0,0750467032194138
826,841	-0,123688243329525	0,0750467032194138
827,836	-0,207336768507957	0,112569577991962
828,841	0,0433657616376877	0,0750467032194138
829,836	0,0113984812051058	-0,0375219397246838
830,831	0,0165910087525845	0,0750467032194138
831,828	0,0233257170766592	0,0750467032194138
832,83	0,0539938285946846	9,39575329539366E-7
833,821	-0,0351712219417095	-0,0375219397246838
834,817	0,105919107794762	0,0750467032194138
835,819	0,0160239841789007	9,39575329539366E-7
836,814	-0,0177274458110332	0,0750467032194138
837,815	0,0741148740053177	0,0375238209962845
838,815	-0,122795127332211	0,0750467032194138
839,808	-0,340557307004929	0,0750467032194138
840,807	-0,324005603790283	0,150092452764511
841,799	-0,29203936457634	0,150092452764511
842,804	0,0341978333890438	0,0750467032194138
843,798	-0,0921270251274109	0,0750467032194138
844,799	-0,0157802477478981	-0,0375219397246838
845,79	0,188188478350639	0,0375238209962845
846,786	0,262100994586945	-0,0750448182225227
847,782	0,286278426647186	9,39575329539366E-7
848,785	-0,147378638386726	0,0750467032194138
849,784	-0,226727738976479	-0,0375219397246838
850,779	-0,30777895450592	0,0750467032194138
851,772	0,0358199812471867	9,39575329539366E-7
852,776	-0,27005210518837	9,39575329539366E-7
853,773	-0,215368568897247	9,39575329539366E-7
854,77	-0,131396040320396	0,112569577991962
855,767	-0,0345221571624279	0,0750467032194138
856,761	0,0728977471590042	0,112569577991962
857,763	0,189810618758202	-0,0375219397246838
858,76	0,254069179296494	0,0375238209962845
859,753	0,286359429359436	9,39575329539366E-7
860,752	0,248308598995209	0,112569577991962
861,747	0,221939906477928	0,112569577991962
862,746	0,144375994801521	9,39575329539366E-7
863,746	0,0607285350561142	0,150092452764511
864,743	0,0469351038336754	0,0375238209962845
865,738	-0,00336699117906392	0,150092452764511
866,735	-0,0552922673523426	0,0375238209962845
867,736	0,0221085883677006	0,0750467032194138
868,729	0,0588623434305191	-0,0375219397246838
869,73	0,0746019333600998	0,112569577991962
870,728	0,0761430785059929	0,0375238209962845
871,722	0,0424726456403732	0,0750467032194138
872,717	-0,0152942277491093	0,112569577991962
873,721	0,216990381479263	-0,150571644306183
874,717	-0,178614810109138	0,112569577991962
875,714	-0,255610644817352	9,39575329539366E-7
876,708	-0,296177804470062	0,150092452764511
877,703	-0,302343398332596	0,112569577991962
878,709	0,00904626585543156	9,39575329539366E-7
879,705	0,0286802519112825	9,39575329539366E-7
880,697	-0,152003109455109	0,112569577991962
881,694	-0,047503475099802	0,0750467032194138
882,691	0,0703824833035469	0,112569577991962
883,695	0,0681112706661224	0,0750467032194138
884,689	0,0397953800857067	0,0750467032194138
885,686	-0,0165923591703176	0,0750467032194138
886,683	-0,118576720356941	9,39575329539366E-7
887,687	-0,150055915117264	0,112569577991962
888,681	-0,213421359658241	-0,0375219397246838
889,678	-0,271431237459183	0,150092452764511
890,672	-0,286927819252014	0,0750467032194138
891,669	-0,380231320858002	0,0750467032194138
892,665	-0,264859586954117	9,39575329539366E-7
893,669	-0,219993025064468	0,0750467032194138
894,664	-0,169527888298035	0,112569577991962
895,66	-0,0894497558474541	0,0375238209962845
896,655	0,00117647065781057	0,0375238209962845
897,66	0,0756570547819138	0,0750467032194138
898,651	0,163604974746704	0,0750467032194138
899,653	0,0469351038336754	0,0375238209962845
900,648	0,269564718008041	0,0375238209962845
901,644	0,286846488714218	-0,0750448182225227
902,643	0,271836996078491	9,39575329539366E-7
903,643	-0,216260641813278	9,39575329539366E-7
904,633	0,204415127635002	9,39575329539366E-7
905,635	-0,138291716575623	9,39575329539366E-7
906,628	0,130989670753479	0,112569577991962
907,634	-0,32254546880722	0,0750467032194138
908,627	-0,277678906917572	0,112569577991962
909,627	-0,280437171459198	0,0750467032194138
910,62	-0,239952072501183	9,39575329539366E-7
911,617	-0,183402329683304	0,112569577991962
912,611	0,0457179769873619	0,0375238209962845
913,618	-0,0216218419373035	0,0375238209962845
914,612	0,0478282198309898	9,39575329539366E-7
915,608	0,154843091964722	-0,0750448182225227
916,604	0,219505652785301	0,0375238209962845
917,598	0,270619839429855	-0,0750448182225227
918,604	0,291551977396011	0,0375238209962845
919,599	0,286522477865219	0,0375238209962845
920,596	0,242060944437981	9,39575329539366E-7
921,588	0,191108748316765	-0,0750448182225227
922,587	0,134965062141418	9,39575329539366E-7
923,589	0,0817416608333588	0,112569577991962
924,586	0,0485582910478115	9,39575329539366E-7
925,582	0,0156989321112633	0,0375238209962845
926,577	-0,00523318583145738	9,39575329539366E-7
927,581	-0,203685373067856	0,0375238209962845
928,574	0,0251919124275446	0,0750467032194138
929,573	-0,0341981425881386	0,0750467032194138
930,564	0,0639738664031029	-0,0375219397246838
931,562	0,0750079900026321	0,0750467032194138
932,562	0,0690843537449837	0,0750467032194138
933,559	0,041256558150053	0,150092452764511
934,556	0,0187822561711073	0,0750467032194138
935,555	0,25991079211235	-0,0750448182225227
936,551	-0,110381871461868	0,0750467032194138
937,548	-0,177965745329857	0,0750467032194138
938,552	0,128312408924103	0,150092452764511
939,55	0,0203233975917101	0,0750467032194138
940,542	0,00604394637048244	0,0750467032194138
941,538	-0,020891772583127	0,0750467032194138
942,535	0,0129406619817019	0,0750467032194138
943,54	-0,0578885339200497	0,0375238209962845
944,535	0,0969131886959076	0,0750467032194138
945,531	0,0881513133645058	-0,0375219397246838
946,524	0,0683542862534523	0,0375238209962845
947,521	0,013427721336484	9,39575329539366E-7
948,525	0,2452252805233	-0,0375219397246838
949,52	-0,142430171370506	0,0750467032194138
950,518	-0,216260641813278	0,0750467032194138
951,512	-0,268998026847839	0,225619286298752
952,516	0,0192693155258894	0,0750467032194138
953,512	0,00977633520960808	0,0750467032194138
954,504	-0,246604740619659	0,0375238209962845
955,505	0,0652719959616661	0,0750467032194138
956,499	-0,0389846153557301	9,39575329539366E-7
957,498	0,0903415232896805	9,39575329539366E-7
958,497	0,0779282674193382	-0,0750448182225227
959,495	0,0354959666728973	9,39575329539366E-7
960,491	-0,0432040616869926	0,0750467032194138
961,484	0,271755963563919	0,0750467032194138
962,488	-0,220804110169411	0,18761533498764
963,477	0,125797137618065	9,39575329539366E-7
964,478	-0,377797067165375	0,0750467032194138
965,476	-0,298206001520157	0,0750467032194138
966,472	-0,278977036476135	0,0375238209962845
967,472	-0,200602054595947	0,0375238209962845
968,471	-0,165958553552628	0,0750467032194138
969,462	0,0655960142612457	-0,0375219397246838
970,466	0,133666932582855	0,112569577991962
971,458	0,221615895628929	9,39575329539366E-7
972,454	0,257963597774506	9,39575329539366E-7
973,457	0,284412235021591	9,39575329539366E-7
974,457	-0,132450118660927	9,39575329539366E-7
975,449	0,186890333890915	0,0750467032194138
976,445	0,12798735499382	0,112569577991962
977,45	-0,291471302509308	0,112569577991962
978,447	-0,283196479082108	9,39575329539366E-7
979,435	0,013427721336484	0,0750467032194138
980,437	0,0271391104906797	-0,0375219397246838
981,432	0,0421486347913742	0,0750467032194138
982,427	0,0578882247209549	9,39575329539366E-7
983,433	0,137561321258545	0,0750467032194138
984,429	0,250579804182053	-0,0750448182225227
985,422	0,0539938285946846	-0,0375219397246838
986,417	-0,0248671714216471	0,0750467032194138
987,414	-0,0925330817699432	0,0750467032194138
988,417	0,135452121496201	0,0750467032194138
989,411	0,0601604729890823	0,0750467032194138
990,411	0,0164290014654398	9,39575329539366E-7
991,405	0,01634799875319	0,0750467032194138
992,408	0,0334677621722221	9,39575329539366E-7
993,399	0,0543998852372169	9,39575329539366E-7
994,403	0,0580502301454544	-0,0750448182225227
995,397	0,0757380574941635	0,0375238209962845
996,39	0,0451509542763233	0,0750467032194138
997,392	-0,0311148222535849	0,0375238209962845
998,393	0,187052354216576	-0,0375219397246838
999,386	-0,217883825302124	0,150092452764511
1000,385	-0,286765813827515	-0,0375219397246838
1001,376	-0,326277852058411	0,0750467032194138
1002,373	-0,293094485998154	0,0750467032194138
1003,377	0,046205036342144	9,39575329539366E-7
1004,376	0,0777662619948387	0,0375238209962845
1005,369	0,0473411604762077	0,0750467032194138
1006,365	0,174477085471153	9,39575329539366E-7
1007,367	0,029573367908597	0,0375238209962845
1008,366	-0,0518849305808544	0,0375238209962845
1009,36	-0,141213029623032	0,0750467032194138
1010,352	0,184132069349289	0,150092452764511
