sec"    "mA"    "mV
1,007	-0,159872904419899	0,150092452764511
2,004	-0,00953363720327616	-0,0375219397246838
2,998	0,130989670753479	0,0750467032194138
4,004	-0,00547723472118378	0,0375238209962845
4,996	0,235651299357414	0,0375238209962845
5,993	0,154843091964722	0,0750467032194138
6,991	-0,264697581529617	0,0375238209962845
7,984	0,0266520511358976	0,112569577991962
8,991	-0,178371801972389	9,39575329539366E-7
9,979	0,05983542278409	0,0750467032194138
10,982	0,116061151027679	-0,0750448182225227
11,978	0,220235720276833	0,112569577991962
12,974	0,243684127926826	0,112569577991962
13,968	-0,0884756371378899	9,39575329539366E-7
14,97	0,119387485086918	0,112569577991962
15,971	0,035089910030365	0,0375238209962845
16,965	0,023974783718586	0,112569577991962
17,96	0,0354959666728973	-0,0375219397246838
18,963	0,0622696802020073	9,39575329539366E-7
19,961	0,0820656716823578	9,39575329539366E-7
20,956	0,0700584724545479	0,0750467032194138
21,953	0,0111554712057114	0,0375238209962845
22,947	-0,0294106341898441	9,39575329539366E-7
23,951	0,139021471142769	0,112569577991962
24,948	0,0896114557981491	0,0750467032194138
25,94	-0,267780900001526	0,18761533498764
26,94	-0,274514585733414	0,0750467032194138
27,932	-0,235651612281799	0,0750467032194138
28,938	0,0646229311823845	-0,0375219397246838
29,933	0,0791453942656517	0,0750467032194138
30,93	0,0607285350561142	9,39575329539366E-7
31,926	0,21455717086792	0,0750467032194138
32,923	0,24895766377449	0,0750467032194138
33,916	0,207092389464378	-0,0750448182225227
34,913	0,13188174366951	0,112569577991962
35,916	-0,276867836713791	0,0375238209962845
36,912	-0,258206933736801	0,150092452764511
37,907	0,0253539197146893	0,0375238209962845
38,903	0,0515595711767673	0,112569577991962
39,902	0,0725737288594246	-0,0375219397246838
40,902	0,154111981391907	0,112569577991962
41,901	0,244333192706108	0,112569577991962
42,895	0,231107831001282	0,0750467032194138
43,899	0,183888018131256	0,112569577991962
44,893	0,104620978236198	0,0750467032194138
45,886	0,0466920956969261	0,225619286298752
46,888	0,0206484496593475	9,39575329539366E-7
47,882	0,0321696326136589	0,225619286298752
48,878	0,0543188787996769	9,39575329539366E-7
49,877	0,0728167444467545	0,0750467032194138
50,878	0,081984668970108	-0,0750448182225227
51,874	0,0702204778790474	0,150092452764511
52,87	0,0317635759711266	0,0375238209962845
53,864	-0,0143201099708676	9,39575329539366E-7
54,87	0,19289393723011	0,0750467032194138
55,862	-0,149325847625732	0,0750467032194138
56,86	-0,217558771371841	0,150092452764511
57,856	-0,265508651733398	0,0750467032194138
58,86	0,0263280365616083	0,18761533498764
59,851	-0,268510967493057	0,112569577991962
60,852	0,0477472171187401	0,150092452764511
61,846	0,0691663920879364	9,39575329539366E-7
62,841	-0,0207297652959824	0,150092452764511
63,846	0,0707075372338295	0,0375238209962845
64,843	0,0377671793103218	0,0375238209962845
65,835	-0,0075864396058023	0,0375238209962845
66,833	-0,0799567773938179	0,0750467032194138
67,83	-0,15646556019783	0,0750467032194138
68,824	0,153462916612625	9,39575329539366E-7
69,83	-0,259262055158615	0,225619286298752
70,823	-0,27719184756279	0,112569577991962
71,822	-0,272811412811279	0,0750467032194138
72,816	-0,232325285673141	0,0375238209962845
73,82	0,0469351038336754	0,150092452764511
74,812	-0,114357270300388	0,0750467032194138
75,809	-0,0351712219417095	0,0750467032194138
76,807	0,0436087734997272	0,0375238209962845
77,801	0,127825349569321	0,112569577991962
78,807	0,0384162440896034	9,39575329539366E-7
79,8	0,231026828289032	0,0750467032194138
80,8	-0,052209984511137	9,39575329539366E-7
81,794	0,224455162882805	-0,0750448182225227
82,789	0,201331794261932	0,0750467032194138
83,786	0,141212716698647	-0,0750448182225227
84,79	-0,249526053667068	0,225619286298752
85,783	0,058699294924736	0,0750467032194138
86,78	0,0366310514509678	0,0750467032194138
87,777	0,0221895929425955	0,0750467032194138
88,781	-0,198898911476135	0,0750467032194138
89,777	-0,137318640947342	0,0750467032194138
90,771	-0,0594307146966457	0,0375238209962845
91,768	0,0139137413352728	9,39575329539366E-7
92,764	0,0748449414968491	0,0375238209962845
93,766	0,141293719410896	-0,0750448182225227
94,766	0,186809331178665	9,39575329539366E-7
95,76	0,213989108800888	9,39575329539366E-7
96,755	0,235408276319504	0,0750467032194138
97,75	0,232893019914627	9,39575329539366E-7
98,746	0,213095992803574	0,0750467032194138
99,746	0,17804642021656	0,0375238209962845
100,745	0,139508530497551	0,0375238209962845
101,743	0,090179517865181	0,112569577991962
102,738	0,0579692274332047	0,0750467032194138
103,735	0,0341168306767941	0,150092452764511
104,731	0,019918380305171	-0,0750448182225227
105,732	0,0266520511358976	0,0375238209962845
106,73	0,0406074896454811	0,0375238209962845
107,725	0,0578882247209549	0,0375238209962845
108,729	0,0677862241864204	9,39575329539366E-7
109,722	0,153300911188126	0,0750467032194138
110,716	0,0576452128589153	9,39575329539366E-7
111,717	0,240519806742668	0,0750467032194138
112,712	-0,0139150926843286	0,0750467032194138
113,715	0,202061861753464	0,0750467032194138
114,708	0,145674124360085	0,150092452764511
115,707	0,0894494503736496	9,39575329539366E-7
116,705	0,0483962818980217	0,0750467032194138
117,699	0,0265710484236479	0,0375238209962845
118,703	0,0319255813956261	0,150092452764511
119,698	0,0341978333890438	0,112569577991962
120,691	0,0488823018968105	0,112569577991962
121,689	0,0616206116974354	9,39575329539366E-7
122,685	0,0775222107768059	0,0750467032194138
123,689	0,0709505453705788	-0,0750448182225227
124,686	0,0513165593147278	0,112569577991962
125,68	0,0205674469470978	0,112569577991962
126,677	-0,0202427078038454	-0,0750448182225227
127,67	-0,0651092603802681	0,0375238209962845
128,675	0,165795177221298	0,0750467032194138
129,671	0,125553086400032	0,225619286298752
130,668	-0,199060916900635	0,0375238209962845
131,664	-0,233136355876923	0,112569577991962
132,658	-0,258612990379333	9,39575329539366E-7
133,66	0,0225146450102329	0,18761533498764
134,66	0,0215405263006687	-0,0750448182225227
135,654	0,0275441277772188	0,150092452764511
136,653	0,0274631232023239	9,39575329539366E-7
137,65	0,0446638949215412	0,112569577991962
138,64	-0,151354044675827	0,112569577991962
139,644	0,0701394751667976	0,0375238209962845
140,644	0,0757380574941635	-0,0375219397246838
141,637	0,0687603354454041	9,39575329539366E-7
142,631	0,10535104572773	-0,113048762083054
143,637	0,0500994324684143	0,0750467032194138
144,628	0,0423106402158737	-0,0375219397246838
145,629	0,0185382068157196	0,150092452764511
146,626	-0,00239391159266233	0,0375238209962845
147,618	-0,0307908076792955	9,39575329539366E-7
148,623	-0,0615399181842804	0,0375238209962845
149,618	-0,0939122140407562	0,0375238209962845
150,614	-0,129042774438858	0,0375238209962845
151,611	-0,156627580523491	0,0750467032194138
152,606	-0,188026785850525	0,0375238209962845
153,602	-0,219343960285187	-0,0375219397246838
154,608	0,0509925484657288	0,0750467032194138
155,604	0,0348469018936157	0,112569577991962
156,6	-0,266644775867462	0,112569577991962
157,595	-0,277921915054321	0,112569577991962
158,597	0,0168350581079721	0,150092452764511
159,594	0,0177271347492933	0,0750467032194138
160,588	-0,260479182004929	0,112569577991962
161,585	-0,245387613773346	0,0750467032194138
162,579	-0,228268876671791	0,0750467032194138
163,584	0,0466110929846764	-0,113048762083054
164,576	-0,183240324258804	0,0750467032194138
165,577	0,0523716807365417	9,39575329539366E-7
166,572	0,0524526871740818	0,0750467032194138
167,565	-0,117440596222878	0,0375238209962845
168,571	0,0741148740053177	-0,0375219397246838
169,566	0,0713566020131111	9,39575329539366E-7
170,56	0,0792263969779015	-0,0375219397246838
171,559	0,0771981999278069	9,39575329539366E-7
172,555	0,0724117234349251	0,0750467032194138
173,551	0,0660830736160278	0,0375238209962845
174,554	0,0592673607170582	0,0750467032194138
175,551	0,0566710941493511	9,39575329539366E-7
176,547	0,0440148264169693	0,0750467032194138
177,542	0,0337917767465115	9,39575329539366E-7
178,536	0,0197553355246782	9,39575329539366E-7
179,542	0,243521094322205	0,0750467032194138
180,534	0,00855920650064945	0,0375238209962845
181,532	0,00758612714707851	0,0750467032194138
182,528	-0,00604425882920623	0,0750467032194138
183,523	-0,011642842553556	0,0750467032194138
184,525	-0,0165113564580679	0,0750467032194138
185,52	-0,0196746438741684	9,39575329539366E-7
186,518	-0,0225959606468678	0,0750467032194138
187,514	-0,0271394234150648	0,0375238209962845
188,51	-0,0336300805211067	0,0750467032194138
189,514	0,214232116937637	0,0375238209962845
190,509	0,213664054870605	9,39575329539366E-7
191,506	0,209445640444756	9,39575329539366E-7
192,5	-0,0625130012631416	9,39575329539366E-7
193,504	0,200195670127869	0,0750467032194138
194,494	-0,0660833790898323	0,0750467032194138
195,494	0,187539413571358	0,112569577991962
196,493	0,182103872299194	9,39575329539366E-7
197,488	0,172448888421059	0,0750467032194138
198,484	-0,105351351201534	0,0750467032194138
199,482	0,152651846408844	9,39575329539366E-7
200,481	0,138859450817108	0,0375238209962845
201,481	0,123687937855721	0,0750467032194138
202,473	0,108434364199638	0,0750467032194138
203,479	0,0951290354132652	0,0750467032194138
204,473	0,0858790650963783	9,39575329539366E-7
205,474	-0,251716256141663	0,0375238209962845
206,467	0,0593483634293079	9,39575329539366E-7
207,461	0,048720296472311	0,0750467032194138
208,458	0,0410125069320202	0,0375238209962845
209,458	0,0274631232023239	0,0750467032194138
210,458	0,0288422591984272	9,39575329539366E-7
211,453	0,0233257170766592	0,0750467032194138
212,45	0,0218655783683062	9,39575329539366E-7
213,45	-0,205957621335983	0,0375238209962845
214,445	0,017403120175004	-0,0750448182225227
215,442	0,0302224326878786	0,0375238209962845
216,442	-0,105676405131817	-0,0750448182225227
217,438	-0,0671385005116463	-0,0750448182225227
218,439	-0,0273824334144592	9,39575329539366E-7
219,435	0,0470981523394585	0,0750467032194138
220,431	0,0701394751667976	-0,0750448182225227
221,427	0,120442606508732	9,39575329539366E-7
222,422	0,056266076862812	9,39575329539366E-7
223,419	0,0550489500164986	9,39575329539366E-7
224,424	0,228592574596405	9,39575329539366E-7
225,418	0,24903866648674	-0,0750448182225227
226,414	0,2452252805233	-0,0375219397246838
227,41	0,232405960559845	0,0750467032194138
228,405	-0,054643202573061	9,39575329539366E-7
229,41	0,181454807519913	-0,0750448182225227
230,405	0,146810263395309	9,39575329539366E-7
231,401	0,106406167149544	9,39575329539366E-7
232,397	0,0781712755560875	9,39575329539366E-7
233,401	-0,271999299526215	-0,0375219397246838
234,398	-0,260316133499146	0,0750467032194138
235,389	0,0230006650090218	0,112569577991962
236,388	0,0298163779079914	9,39575329539366E-7
237,383	0,0226766522973776	0,0375238209962845
238,388	-0,147135630249977	0,0375238209962845
239,381	0,0359819866716862	0,0375238209962845
240,379	-0,0191076211631298	9,39575329539366E-7
241,375	0,0743589252233505	-0,0750448182225227
242,37	0,0543998852372169	9,39575329539366E-7
243,375	0,15029963850975	9,39575329539366E-7
244,363	0,0462860390543938	9,39575329539366E-7
245,36	0,0467730984091759	0,0375238209962845
246,36	0,248551607131958	-0,0375219397246838
247,356	0,00369173125363886	-0,0375219397246838
248,36	0,230945825576782	9,39575329539366E-7
249,357	0,19970965385437	9,39575329539366E-7
250,348	-0,116791531443596	9,39575329539366E-7
251,349	0,11598014831543	0,0750467032194138
252,345	0,0730607882142067	9,39575329539366E-7
253,34	0,039714377373457	0,0750467032194138
254,345	0,031520564109087	0,112569577991962
255,339	0,0210534669458866	0,0750467032194138
256,335	0,0334677621722221	9,39575329539366E-7
257,33	0,0362260341644287	0,0750467032194138
258,335	-0,0891247019171715	0,0375238209962845
259,33	0,0328186973929405	-0,0750448182225227
260,327	0,0509925484657288	9,39575329539366E-7
261,324	0,0389843061566353	0,0750467032194138
262,318	0,0460430309176445	-0,0375219397246838
263,313	0,029573367908597	0,0750467032194138
264,318	0,23053976893425	0,0750467032194138
265,312	-0,0276264809072018	0,0750467032194138
266,31	-0,0516419224441051	0,0375238209962845
267,305	-0,0763064250349998	0,0750467032194138
268,309	0,0948039814829826	0,150092452764511
269,305	0,0561850741505623	9,39575329539366E-7
270,302	0,0473411604762077	0,0375238209962845
271,297	0,0407694987952709	9,39575329539366E-7
272,291	-0,246199712157249	0,0750467032194138
273,288	-0,202468246221542	9,39575329539366E-7
274,288	0,0359819866716862	0,0750467032194138
275,289	0,0660830736160278	-0,0375219397246838
276,284	0,0480712316930294	0,0375238209962845
277,279	0,0550489500164986	0,0375238209962845
278,276	0,0494503676891327	9,39575329539366E-7
279,278	0,0506674945354462	-0,0375219397246838
280,275	0,0383352413773537	0,0750467032194138
281,271	0,0126156099140644	9,39575329539366E-7
282,264	0,00223055388778448	0,0750467032194138
283,266	-0,0211358219385147	0,0750467032194138
284,264	-0,0399587340652943	0,112569577991962
285,262	-0,0577265247702599	9,39575329539366E-7
286,257	-0,0642171874642372	9,39575329539366E-7
287,253	-0,112086065113544	0,112569577991962
288,252	-0,1300158649683	0,0375238209962845
289,245	-0,166850626468658	0,150092452764511
290,244	-0,174234390258789	0,0750467032194138
291,245	-0,20190018415451	0,150092452764511
292,24	-0,211636170744896	9,39575329539366E-7
293,239	-0,219669014215469	0,150092452764511
294,235	-0,225266560912132	9,39575329539366E-7
295,237	0,035089910030365	0,0750467032194138
296,233	0,0131026683375239	-0,0750448182225227
297,228	0,0312765166163445	9,39575329539366E-7
298,23	0,0324126407504082	-0,0375219397246838
299,219	-0,208228841423988	0,150092452764511
300,224	0,0305464472621679	0,0375238209962845
301,216	0,0320065841078758	0,0750467032194138
302,212	0,0453129597008228	0,0375238209962845
303,216	0,0595114082098007	0,150092452764511
304,209	0,0439338237047195	9,39575329539366E-7
305,209	0,0419866256415844	0,0750467032194138
306,204	0,0518036186695099	-0,0375219397246838
307,201	0,0380112268030643	0,0375238209962845
308,204	0,153949975967407	9,39575329539366E-7
309,196	0,0374431647360325	0,0750467032194138
310,199	0,200358718633652	9,39575329539366E-7
311,192	0,0169970653951168	0,0750467032194138
312,187	-0,00174484553281218	0,0375238209962845
313,191	0,213095992803574	0,0750467032194138
314,187	0,216828376054764	0,0750467032194138
315,182	-0,0476665236055851	0,0750467032194138
316,179	-0,0619459748268127	0,150092452764511
317,177	0,170338645577431	0,0375238209962845
318,177	0,143808975815773	0,0750467032194138
319,175	0,118819423019886	0,0750467032194138
320,168	0,0961831137537956	0,112569577991962
321,165	-0,193138316273689	0,0375238209962845
322,16	-0,203928381204605	0,0750467032194138
323,156	-0,215125560760498	9,39575329539366E-7
324,156	0,0327366553246975	0,0750467032194138
325,158	0,0303844399750233	9,39575329539366E-7
326,151	0,0144818043336272	0,0750467032194138
327,149	0,025434922426939	9,39575329539366E-7
328,143	-0,253095388412476	0,150092452764511
329,14	-0,264454573392868	9,39575329539366E-7
330,14	0,0227576550096273	0,0375238209962845
331,139	0,0328997001051903	0,0375238209962845
332,136	0,0277881752699614	0,112569577991962
333,129	-0,216991752386093	0,0750467032194138
334,132	0,0437707789242268	0,0750467032194138
335,131	0,0452319569885731	9,39575329539366E-7
336,125	0,0595924109220505	0,150092452764511
337,12	0,00133847747929394	0,0750467032194138
338,116	0,0582942813634872	0,0375238209962845
339,122	-0,0213788319379091	9,39575329539366E-7
340,116	0,0567521005868912	0,0750467032194138
341,113	0,0423916429281235	0,0375238209962845
342,108	0,0609715469181538	0,150092452764511
343,113	0,0117235332727432	9,39575329539366E-7
344,11	0,0404444448649883	0,0750467032194138
345,102	0,0491263531148434	0,0375238209962845
346,1	0,0308714993298054	9,39575329539366E-7
347,094	0,0568341389298439	-0,0375219397246838
348,1	0,0984553694725037	0,0750467032194138
349,097	0,120279565453529	9,39575329539366E-7
350,09	0,132368803024292	0,0750467032194138
351,088	0,148595452308655	9,39575329539366E-7
352,081	0,0582132749259472	0,0750467032194138
353,077	0,05586002394557	-0,0375219397246838
354,082	0,163280948996544	0,0750467032194138
355,077	0,175207152962685	9,39575329539366E-7
356,073	0,191027745604515	0,112569577991962
357,071	0,180237680673599	0,0375238209962845
358,073	0,213176995515823	9,39575329539366E-7
359,072	-0,000770727347116917	0,0750467032194138
360,062	0,216828376054764	0,112569577991962
361,061	0,221047833561897	0,0750467032194138
362,054	0,206119313836098	0,0750467032194138
363,052	0,212203919887543	0,0750467032194138
364,054	0,217477440834045	0,0750467032194138
365,054	-0,0143201099708676	9,39575329539366E-7
366,047	0,223563089966774	-0,0375219397246838
367,044	0,223076030611992	0,0375238209962845
368,037	0,217802494764328	9,39575329539366E-7
369,038	0,227943509817123	9,39575329539366E-7
370,038	-0,0175654403865337	0,0750467032194138
371,032	0,22266997396946	0,0750467032194138
372,028	0,233866095542908	0,0750467032194138
373,033	-0,0333870723843575	0,112569577991962
374,031	-0,042554996907711	9,39575329539366E-7
375,022	0,260721862316132	0,0375238209962845
376,021	-0,0599167346954346	0,0750467032194138
377,015	0,243846133351326	0,0750467032194138
378,012	0,2410878688097	0,0750467032194138
379,017	-0,0859614163637161	0,0750467032194138
380,009	-0,102350071072578	0,0750467032194138
381,008	-0,122876137495041	0,112569577991962
382,003	-0,151273041963577	0,0750467032194138
382,999	0,195247188210487	0,112569577991962
384,005	-0,176830664277077	0,0375238209962845
384,998	-0,203279316425323	0,0750467032194138
385,996	-0,226970747113228	9,39575329539366E-7
386,991	-0,245955675840378	0,150092452764511
387,994	0,0454749651253223	9,39575329539366E-7
388,984	-0,277435898780823	0,150092452764511
389,985	-0,276299774646759	0,0750467032194138
390,982	-0,278734028339386	0,0750467032194138
391,976	-0,289930164813995	0,150092452764511
392,972	-0,248227924108505	0,112569577991962
393,977	0,0117235332727432	-0,0375219397246838
394,969	-0,233785420656204	0,150092452764511
395,969	-0,173260286450386	0,0375238209962845
396,965	-0,141537055373192	0,18761533498764
397,961	-0,0795517563819885	0,0750467032194138
398,961	0,0595924109220505	0,0750467032194138
399,963	0,0612145587801933	9,39575329539366E-7
400,957	0,0588623434305191	0,150092452764511
401,949	0,149244517087936	9,39575329539366E-7
402,956	0,0375241674482822	0,0750467032194138
403,943	0,247334480285645	9,39575329539366E-7
404,945	-0,0251112207770348	0,0750467032194138
405,941	-0,0569154508411884	0,112569577991962
406,938	-0,0947232842445374	0,0750467032194138
407,941	-0,139184832572937	0,0750467032194138
408,939	-0,169041872024536	9,39575329539366E-7
409,935	-0,214232444763184	0,150092452764511
410,929	-0,244901582598686	-0,0375219397246838
411,926	-0,251959264278412	0,150092452764511
412,929	0,00774813396856189	-0,0375219397246838
413,925	-0,256908774375916	0,150092452764511
414,92	-0,237436801195145	0,0750467032194138
415,916	-0,19411139190197	0,112569577991962
416,91	-0,149569883942604	9,39575329539366E-7
417,917	0,0466110929846764	0,0375238209962845
418,908	-0,0537511259317398	9,39575329539366E-7
419,907	0,0233257170766592	0,0375238209962845
420,905	0,05586002394557	9,39575329539366E-7
421,897	0,12806835770607	0,112569577991962
422,894	0,123281881213188	-0,0750448182225227
423,891	0,210175707936287	0,0750467032194138
424,893	0,00645000208169222	0,0750467032194138
425,891	-0,0324129536747932	0,0750467032194138
426,884	0,257395535707474	0,0750467032194138
427,888	-0,0986176803708076	9,39575329539366E-7
428,882	-0,134397312998772	0,112569577991962
429,882	-0,180399999022484	0,112569577991962
430,875	-0,214313447475433	0,150092452764511
431,872	-0,228755936026573	9,39575329539366E-7
432,868	0,0861231163144112	0,0750467032194138
433,868	-0,289038062095642	0,0750467032194138
434,866	-0,304047584533691	0,150092452764511
435,865	-0,251797258853912	0,0375238209962845
436,864	-0,241980269551277	0,150092452764511
437,863	-0,210095033049583	0,0750467032194138
438,859	-0,184375405311584	0,112569577991962
439,852	-0,144295319914818	9,39575329539366E-7
440,852	-0,0830400958657265	0,0750467032194138
441,844	-0,00888457149267197	0,0375238209962845
442,842	0,0113984812051058	0,150092452764511
443,847	0,079388402402401	9,39575329539366E-7
444,841	0,154437035322189	0,0750467032194138
445,838	0,184537082910538	-0,0750448182225227
446,833	0,231513887643814	0,0750467032194138
447,836	0,00425875512883067	0,0750467032194138
448,832	-0,0508298091590405	0,0375238209962845
449,828	-0,0995917990803719	0,112569577991962
450,825	-0,1257164478302	0,112569577991962
451,82	0,166607290506363	0,0750467032194138
452,823	-0,223887428641319	0,0750467032194138
453,814	0,108677379786968	0,0750467032194138
454,813	-0,259748071432114	0,0375238209962845
455,814	-0,26997110247612	0,150092452764511
456,806	0,0270581059157848	0,0750467032194138
457,803	0,0221085883677006	0,0750467032194138
458,805	-0,157844707369804	0,0750467032194138
459,796	0,0554539673030376	0,0375238209962845
460,797	0,0328186973929405	-0,0375219397246838
461,794	0,128961473703384	9,39575329539366E-7
462,797	0,184618085622787	-0,0375219397246838
463,79	0,232081949710846	0,112569577991962
464,79	0,228106543421745	9,39575329539366E-7
465,786	0,206768378615379	9,39575329539366E-7
466,783	0,191514804959297	0,112569577991962
467,785	-0,196302637457848	0,0750467032194138
468,781	0,0908285826444626	0,112569577991962
469,774	0,0566710941493511	0,0375238209962845
470,773	0,0543998852372169	0,0750467032194138
471,767	0,0185382068157196	0,0750467032194138
472,772	-0,202874302864075	0,0750467032194138
473,768	-0,162956222891808	0,0375238209962845
474,763	-0,147378638386726	0,0750467032194138
475,761	-0,0654343143105507	0,0375238209962845
476,755	0,0437707789242268	0,0750467032194138
477,759	0,109975509345531	-0,0375219397246838
478,748	0,0743589252233505	0,112569577991962
479,749	0,194030061364174	-0,0375219397246838
480,746	0,210662767291069	-0,0750448182225227
481,741	0,225591287016869	-0,0375219397246838
482,745	0,247253477573395	9,39575329539366E-7
483,738	0,244170159101486	9,39575329539366E-7
484,738	0,210580736398697	0,0375238209962845
485,733	0,184213072061539	0,150092452764511
486,73	0,147621333599091	-0,0375219397246838
487,732	0,115168035030365	9,39575329539366E-7
488,721	0,0897734612226486	9,39575329539366E-7
489,72	0,0549679473042488	0,112569577991962
490,72	0,0368751026690006	0,0750467032194138
491,715	0,020891459658742	0,0750467032194138
492,71	0,031438522040844	0,0750467032194138
493,712	0,0333047173917294	9,39575329539366E-7
494,711	0,0317635759711266	-0,0375219397246838
495,705	0,0335487648844719	0,0375238209962845
496,702	0,0352519191801548	-0,0750448182225227
497,706	0,0866091325879097	0,0375238209962845
498,702	0,171231746673584	9,39575329539366E-7
499,695	0,0677052140235901	0,0750467032194138
500,693	0,0193503182381392	0,0375238209962845
501,689	0,0143197970464826	0,0375238209962845
502,692	0,23419114947319	0,0750467032194138
503,688	0,20084473490715	0,0375238209962845
504,683	0,17025762796402	0,0750467032194138
505,68	0,131394684314728	9,39575329539366E-7
506,674	-0,211961224675179	0,0750467032194138
507,679	0,0595924109220505	9,39575329539366E-7
508,677	0,0200803875923157	0,112569577991962
509,671	-0,0013387898216024	9,39575329539366E-7
510,667	0,0141577906906605	0,0750467032194138
511,661	-0,188269793987274	0,0375238209962845
512,657	-0,166039556264877	0,0375238209962845
513,659	0,049775417894125	9,39575329539366E-7
514,652	0,019918380305171	0,112569577991962
515,655	0,0351709127426147	-0,0375219397246838
516,652	0,0352519191801548	0,0375238209962845
517,646	0,00653100525960326	0,0375238209962845
518,65	-0,00993865448981524	0,0375238209962845
519,644	-0,0637301281094551	0,0750467032194138
520,641	-0,14372830092907	0,0375238209962845
521,635	-0,183158278465271	0,0750467032194138
522,633	-0,220804110169411	0,150092452764511
523,636	0,0716806128621101	0,112569577991962
524,628	-0,292526423931122	0,0375238209962845
525,629	-0,229973062872887	0,150092452764511
526,624	-0,187134712934494	0,112569577991962
527,62	-0,190947070717812	0,150092452764511
528,619	-0,208309844136238	9,39575329539366E-7
529,619	0,0380112268030643	0,0750467032194138
530,613	-0,106568478047848	0,112569577991962
531,612	0,0513165593147278	0,0750467032194138
532,614	0,0428787022829056	-0,0750448182225227
533,612	0,0357389785349369	0,0750467032194138
534,603	0,0231637116521597	0,0750467032194138
535,602	-0,0117238452658057	0,0375238209962845
536,596	0,266157388687134	0,0375238209962845
537,593	0,245793342590332	9,39575329539366E-7
538,597	-0,169284880161285	0,112569577991962
539,595	-0,207092717289925	9,39575329539366E-7
540,588	-0,2354896068573	0,112569577991962
541,581	-0,270539164543152	0,0375238209962845
542,587	-0,266644775867462	0,150092452764511
543,58	-0,226564690470695	0,0750467032194138
544,579	-0,210095033049583	0,0750467032194138
545,575	-0,173341289162636	0,0375238209962845
546,57	-0,0978876128792763	0,0750467032194138
547,574	0,0839318633079529	-0,0750448182225227
548,565	0,0596734136343002	0,0750467032194138
549,565	0,122956827282906	-0,0375219397246838
550,563	0,188512489199638	9,39575329539366E-7
551,556	0,235895335674286	9,39575329539366E-7
552,56	-0,048558596521616	-0,0375219397246838
553,557	-0,0933441519737244	0,150092452764511
554,549	0,170014619827271	0,0750467032194138
555,549	0,167661368846893	0,112569577991962
556,543	0,116710215806961	0,0750467032194138
557,549	-0,262182325124741	0,0750467032194138
558,54	-0,276299774646759	0,0750467032194138
559,541	-0,243765458464622	0,0750467032194138
560,537	-0,221048146486282	0,0750467032194138
561,53	0,0093702794983983	0,0750467032194138
562,527	0,0395523682236671	0,0375238209962845
563,532	0,033953782171011	0,112569577991962
564,525	0,19281293451786	-0,0375219397246838
565,522	0,159304514527321	0,0750467032194138
566,519	0,253257066011429	9,39575329539366E-7
567,514	0,266887456178665	0,0750467032194138
568,511	0,238734617829323	0,0750467032194138
569,512	0,179912626743317	0,0750467032194138
570,509	0,106487169861794	0,0750467032194138
571,506	0,0505864918231964	0,0750467032194138
572,509	-0,271513283252716	0,18761533498764
573,505	0,0195123255252838	0,0750467032194138
574,499	0,0191872734576464	0,150092452764511
575,498	0,046205036342144	-0,0750448182225227
576,491	0,0613776035606861	0,0750467032194138
577,497	0,155735179781914	9,39575329539366E-7
578,488	0,0556170120835304	0,0750467032194138
579,488	-0,00612630043178797	-0,0375219397246838
580,483	-0,0135090369731188	0,0750467032194138
581,477	-0,0947232842445374	0,0750467032194138
582,474	0,0879072695970535	0,0375238209962845
583,472	-0,105351351201534	0,225619286298752
584,472	-0,16644561290741	9,39575329539366E-7
585,471	0,0185382068157196	0,0750467032194138
586,468	0,106487169861794	0,0750467032194138
587,462	-0,263399451971054	0,0750467032194138
588,464	0,0385782495141029	9,39575329539366E-7
589,463	0,0327366553246975	0,150092452764511
590,458	0,053750816732645	-0,0750448182225227
591,452	0,138453409075737	0,0375238209962845
592,448	0,175937220454216	0,0375238209962845
593,449	0,0117235332727432	0,0750467032194138
594,447	0,0760620683431625	0,0375238209962845
595,446	-0,346398890018463	0,0375238209962845
596,438	-0,182591244578362	0,150092452764511
597,444	0,0906665772199631	0,0375238209962845
598,44	-0,476293087005615	0,0750467032194138
599,434	-0,273135423660278	0,0375238209962845
600,431	-0,216342687606812	0,0750467032194138
601,425	-0,0884756371378899	9,39575329539366E-7
602,43	0,0801184773445129	0,112569577991962
603,425	0,0655960142612457	-0,0375219397246838
604,422	0,0111554712057114	9,39575329539366E-7
605,418	0,296744495630264	0,112569577991962
606,414	0,250660806894302	0,0750467032194138
607,416	-0,242223277688026	0,0750467032194138
608,413	-0,300315201282501	0,0750467032194138
609,41	-0,316703855991364	0,112569577991962
610,405	-0,269728094339371	0,150092452764511
611,399	0,00612494954839349	0,0750467032194138
612,403	-0,122552119195461	9,39575329539366E-7
613,395	-0,00466512329876423	0,0750467032194138
614,394	0,127500295639038	-0,0750448182225227
615,394	0,227943509817123	0,0750467032194138
616,387	0,295041352510452	9,39575329539366E-7
617,384	0,29447329044342	0,0375238209962845
618,385	0,23443415760994	0,150092452764511
619,386	0,165633171796799	9,39575329539366E-7
620,379	0,0932628363370895	0,0750467032194138
621,373	0,0320065841078758	0,0375238209962845
622,378	-0,25398850440979	9,39575329539366E-7
623,371	0,0141577906906605	0,0375238209962845
624,37	0,041580568999052	0,112569577991962
625,366	0,0656770169734955	9,39575329539366E-7
626,36	0,0836888551712036	0,0750467032194138
627,356	0,0810925960540771	-0,0375219397246838
628,36	-0,00101477617863566	0,0750467032194138
629,356	-0,0794707536697388	0,0750467032194138
630,351	-0,164741411805153	0,0750467032194138
631,348	-0,248876988887787	0,150092452764511
632,344	-0,286522805690765	0,112569577991962
633,347	0,0140767870470881	0,0375238209962845
634,344	0,0255969297140837	9,39575329539366E-7
635,34	0,0510735511779785	0,0750467032194138
636,334	0,0263280365616083	9,39575329539366E-7
637,335	0,0592673607170582	0,0750467032194138
638,332	0,00255560595542192	0,0375238209962845
639,33	-0,0825530365109444	0,0375238209962845
640,325	-0,192245200276375	0,112569577991962
641,323	-0,281492292881012	9,39575329539366E-7
642,317	0,0488823018968105	0,0750467032194138
643,316	-0,283277481794357	9,39575329539366E-7
644,313	-0,201738178730011	0,112569577991962
645,313	-0,0668134465813637	0,0750467032194138
646,307	0,084094911813736	0,0375238209962845
647,304	0,212122917175293	0,0375238209962845
648,303	0,288225650787354	9,39575329539366E-7
649,301	0,279544770717621	0,0375238209962845
650,302	0,213095992803574	0,0375238209962845
651,296	0,122956827282906	9,39575329539366E-7
652,299	-0,30688688158989	9,39575329539366E-7
653,292	0,00831619650125504	0,112569577991962
654,292	-0,184213399887085	0,0750467032194138
655,288	0,0261649917811155	0,0750467032194138
656,282	0,0750889927148819	-0,0750448182225227
657,278	0,0528577044606209	0,0750467032194138
658,283	0,285954415798187	9,39575329539366E-7
659,277	-0,00271792523562908	9,39575329539366E-7
660,272	-0,0904228314757347	0,0750467032194138
661,27	-0,188350796699524	9,39575329539366E-7
662,272	0,0578072220087051	0,0750467032194138
663,269	0,0150498664006591	0,0750467032194138
664,264	0,00880221743136644	-0,0375219397246838
665,26	0,026490043848753	-0,0375219397246838
666,256	0,0486392937600613	0,112569577991962
667,253	0,065839022397995	-0,0750448182225227
668,256	0,0698964670300484	0,0750467032194138
669,251	0,0373621620237827	0,0375238209962845
670,247	-0,0166733637452126	0,0750467032194138
671,244	-0,0944802761077881	9,39575329539366E-7
672,245	-0,179507926106453	0,0375238209962845
673,243	-0,23857294023037	0,112569577991962
674,237	-0,274109542369843	0,0375238209962845
675,235	-0,297069877386093	0,112569577991962
676,228	-0,276786834001541	9,39575329539366E-7
677,23	-0,217477768659592	0,112569577991962
678,223	-0,188918873667717	0,0750467032194138
679,223	-0,101539000868797	0,112569577991962
680,221	0,00612494954839349	-0,0375219397246838
681,214	0,104215957224369	-0,0375219397246838
682,22	0,0455559715628624	0,0375238209962845
683,214	0,268104583024979	9,39575329539366E-7
684,208	0,335851490497589	9,39575329539366E-7
685,207	0,287171542644501	-0,0750448182225227
686,204	0,266725450754166	0,0375238209962845
687,207	-0,2502561211586	9,39575329539366E-7
688,199	0,13171973824501	0,112569577991962
689,199	-0,328874111175537	0,0750467032194138
690,194	0,0349279046058655	0,0375238209962845
691,191	-0,31045725941658	0,0750467032194138
692,193	-0,279626101255417	0,0375238209962845
693,183	0,0235687270760536	0,0375238209962845
694,183	-0,11103093624115	0,0750467032194138
695,182	0,0251919124275446	9,39575329539366E-7
696,178	0,135452121496201	0,0750467032194138
697,173	0,0961021110415459	9,39575329539366E-7
698,179	0,278246641159058	-0,0375219397246838
699,173	0,292850106954575	9,39575329539366E-7
700,17	0,270619839429855	9,39575329539366E-7
701,17	0,203035980463028	0,0750467032194138
702,16	0,106649175286293	9,39575329539366E-7
703,162	0,027950182557106	9,39575329539366E-7
704,161	0,0269771032035351	0,112569577991962
705,156	0,00223055388778448	0,0375238209962845
706,151	0,017403120175004	0,0750467032194138
707,155	-0,038579598069191	-0,0375219397246838
708,153	0,106812223792076	9,39575329539366E-7
709,145	0,0789833888411522	0,112569577991962
710,143	0,0680302679538727	-0,150571644306183
711,139	0,0396333746612072	0,0375238209962845
712,142	0,281410962343216	0,0750467032194138
713,14	0,197032392024994	9,39575329539366E-7
714,137	0,112085752189159	0,0375238209962845
715,13	0,0651899576187134	0,0375238209962845
716,127	0,0209724642336369	0,150092452764511
717,125	-0,00239391159266233	0,0750467032194138
718,121	-0,00109577958937734	9,39575329539366E-7
719,122	0,00726107461377978	0,0375238209962845
720,116	0,0398763827979565	-0,0375219397246838
721,112	0,058699294924736	9,39575329539366E-7
722,115	0,0655960142612457	0,0750467032194138
723,111	0,0793073996901512	-0,0750448182225227
724,105	0,0905855745077133	0,0750467032194138
725,103	0,0975622534751892	-0,0375219397246838
726,1	0,0797134563326836	0,0750467032194138
727,102	0,310131877660751	-0,0375219397246838
728,098	0,0297353733330965	9,39575329539366E-7
729,097	0,301368951797485	0,0375238209962845
730,09	-0,0188635718077421	0,0750467032194138
731,085	-0,0750892981886864	0,150092452764511
732,088	0,197518408298492	0,0375238209962845
733,078	-0,145512446761131	0,0750467032194138
734,075	-0,190947070717812	0,0375238209962845
735,078	-0,224293485283852	0,150092452764511
736,071	-0,274271577596664	9,39575329539366E-7
737,076	0,0240557864308357	0,0750467032194138
738,068	-0,284007549285889	0,0375238209962845
739,068	0,0466110929846764	0,0750467032194138
740,064	0,0148068564012647	0,0375238209962845
741,06	-0,264129519462585	0,0375238209962845
742,057	-0,233299404382706	0,0375238209962845
743,053	-0,184294402599335	0,0750467032194138
744,052	0,0613776035606861	9,39575329539366E-7
745,051	0,0677052140235901	0,0375238209962845
746,046	0,0876642540097237	9,39575329539366E-7
747,041	0,0152118736878037	0,0375238209962845
748,045	0,106244161725044	9,39575329539366E-7
749,042	0,0688413456082344	0,112569577991962
750,039	0,0435277670621872	0,0375238209962845
751,032	0,0292483158409595	9,39575329539366E-7
752,038	0,3021000623703	9,39575329539366E-7
753,03	-0,00312398094683886	0,0750467032194138
754,028	-0,0452322661876678	0,0375238209962845
755,027	-0,104135259985924	9,39575329539366E-7
756,02	-0,150785982608795	0,112569577991962
757,02	-0,203117311000824	0,0750467032194138
758,021	0,0832017958164215	0,0750467032194138
759,018	0,0599974282085896	-0,0750448182225227
760,011	-0,277354896068573	0,112569577991962
761,009	-0,316947907209396	0,0375238209962845
762,011	0,002960623241961	0,0750467032194138
763	-0,308510065078735	0,112569577991962
764	-0,299341082572937	0,0750467032194138
764,998	-0,264373570680618	0,0750467032194138
765,996	0,0263280365616083	9,39575329539366E-7
766,997	0,0548869445919991	9,39575329539366E-7
767,991	0,0657580196857452	-0,0375219397246838
768,989	0,0803625211119652	-0,0375219397246838
769,986	0,0724927261471748	0,112569577991962
770,98	0,137399315834045	9,39575329539366E-7
771,976	0,203035980463028	0,0750467032194138
772,977	0,0321696326136589	0,0375238209962845
773,975	-0,00685637025162578	0,0375238209962845
774,974	-0,0733851119875908	0,150092452764511
775,966	-0,130178898572922	0,0375238209962845
776,972	-0,189162909984589	0,150092452764511
777,966	-0,237030759453773	9,39575329539366E-7
778,967	0,0560220293700695	0,0750467032194138
779,958	-0,305913776159286	-0,0375219397246838
780,955	-0,323194533586502	0,0750467032194138
781,957	0,0106684118509293	0,0750467032194138
782,95	-0,309240132570267	0,0750467032194138
783,95	-0,278003960847855	0,0750467032194138
784,947	-0,260560184717178	0,0750467032194138
785,94	-0,20198118686676	9,39575329539366E-7
786,936	-0,123688243329525	0,0375238209962845
787,94	0,0791453942656517	0,0750467032194138
788,936	0,0862851217389107	9,39575329539366E-7
789,932	0,167012304067612	-0,0750448182225227
790,926	0,252283990383148	9,39575329539366E-7
791,924	0,305345416069031	0,0750467032194138
792,928	-0,0982116237282753	0,0750467032194138
793,923	-0,188350796699524	0,112569577991962
794,921	-0,268753975629807	9,39575329539366E-7
795,914	0,0733848065137863	0,112569577991962
796,911	0,0298973806202412	9,39575329539366E-7
797,916	-0,258368939161301	0,0375238209962845
798,91	-0,16344328224659	-0,0375219397246838
799,907	-0,0273014288395643	0,150092452764511
800,901	0,117440290749073	0,0375238209962845
801,905	0,2261593490839	0,0750467032194138
802,897	0,287901610136032	9,39575329539366E-7
803,895	0,271430939435959	0,0750467032194138
804,893	0,216666370630264	0,150092452764511
805,889	0,134315997362137	0,0375238209962845
806,893	-0,308834075927734	0,150092452764511
807,882	0,0206484496593475	9,39575329539366E-7
808,881	0,0156989321112633	9,39575329539366E-7
809,881	0,0335487648844719	9,39575329539366E-7
810,874	0,0575642101466656	0,0375238209962845
811,872	0,0780902728438377	0,0750467032194138
812,868	0,0964271649718285	0,0750467032194138
813,872	0,291470974683762	-0,0750448182225227
814,867	0,0355769693851471	-0,0750448182225227
815,862	-0,0445021949708462	9,39575329539366E-7
816,858	-0,140319913625717	9,39575329539366E-7
817,863	0,0992664396762848	0,0375238209962845
818,857	0,0319255813956261	0,0750467032194138
819,853	-0,3154057264328	0,0750467032194138
820,852	0,0303034372627735	9,39575329539366E-7
821,846	-0,208066835999489	0,0750467032194138
822,842	-0,114520318806171	-0,113048762083054
823,845	0,0755750089883804	9,39575329539366E-7
824,84	0,0681112706661224	-0,0750448182225227
825,837	0,00928927585482597	0,0750467032194138
826,84	-0,105433396995068	0,0750467032194138
827,838	-0,206038624048233	0,0375238209962845
828,829	-0,277921915054321	0,0750467032194138
829,831	-0,324898719787598	9,39575329539366E-7
830,822	-0,309645146131516	0,150092452764511
831,819	-0,269566088914871	0,0375238209962845
832,823	-0,188269793987274	9,39575329539366E-7
833,818	-0,0703838318586349	9,39575329539366E-7
834,816	0,0635678097605705	9,39575329539366E-7
835,809	0,182346880435944	-0,0375219397246838
836,806	0,24530628323555	0,0375238209962845
837,804	0,279057711362839	9,39575329539366E-7
838,804	0,278165638446808	0,0375238209962845
839,802	0,255934357643127	0,0375238209962845
840,797	0,206037268042564	-0,0375219397246838
841,8	-0,28473761677742	0,112569577991962
842,795	-0,318001985549927	0,112569577991962
843,788	0,0471791550517082	9,39575329539366E-7
844,789	-0,313864588737488	0,0750467032194138
845,783	-0,0124539155513048	0,112569577991962
846,787	-0,240114077925682	9,39575329539366E-7
847,779	-0,160278961062431	0,112569577991962
848,78	-0,0514788739383221	0,0375238209962845
849,776	0,053750816732645	0,150092452764511
850,772	0,167012304067612	-0,0750448182225227
851,775	0,247172474861145	9,39575329539366E-7
852,769	0,300882935523987	-0,0375219397246838
853,763	0,287982612848282	-0,0750448182225227
854,762	0,217072427272797	0,0750467032194138
855,759	0,127744346857071	9,39575329539366E-7
856,753	0,0462860390543938	0,0750467032194138
857,756	-0,0048281685449183	9,39575329539366E-7
858,753	-0,00223190477117896	9,39575329539366E-7
859,75	0,0187822561711073	0,0750467032194138
860,744	0,0509105063974857	0,0375238209962845
861,748	0,107461288571358	9,39575329539366E-7
862,74	0,0993474423885345	0,112569577991962
863,738	0,06372981518507	9,39575329539366E-7
864,736	0,0139137413352728	0,0750467032194138
865,732	-0,070707842707634	0,0750467032194138
866,728	-0,174883469939232	9,39575329539366E-7
867,733	0,0720056667923927	0,112569577991962
868,725	-0,296177804470062	0,112569577991962
869,724	0,0255159251391888	0,0750467032194138
870,718	-0,297556936740875	0,0375238209962845
871,722	0,0596734136343002	9,39575329539366E-7
872,717	0,0763061195611954	-0,0750448182225227
873,717	0,0858790650963783	0,0750467032194138
874,711	0,0632427558302879	-0,113048762083054
875,704	0,271187901496887	-0,0750448182225227
876,709	-0,0517229251563549	0,0375238209962845
877,701	-0,141132026910782	0,112569577991962
878,702	-0,237679824233055	0,150092452764511
879,697	-0,292688429355621	0,112569577991962
880,693	-0,320193231105804	0,112569577991962
881,697	0,000770414946600795	0,150092452764511
882,695	0,0332237146794796	0,0375238209962845
883,686	-0,149812906980515	0,150092452764511
884,685	-0,0403637513518333	0,0750467032194138
885,679	0,0853930413722992	-0,0375219397246838
886,674	0,202873975038528	0,0375238209962845
887,672	0,273865193128586	9,39575329539366E-7
888,673	0,293337166309357	0,0750467032194138
889,67	0,281166911125183	9,39575329539366E-7
890,666	0,227132424712181	9,39575329539366E-7
891,671	-0,264210522174835	0,112569577991962
892,667	-0,303722530603409	9,39575329539366E-7
893,66	0,0370371080935001	0,0750467032194138
894,658	-0,0015007967595011	0,0750467032194138
895,652	0,00677401572465897	-0,0375219397246838
896,649	0,0261649917811155	0,0750467032194138
897,652	-0,0578075274825096	9,39575329539366E-7
898,649	0,057239156216383	0,0750467032194138
899,644	0,191595807671547	0,0375238209962845
900,639	0,0970762297511101	-0,0750448182225227
901,643	0,288469672203064	0,0750467032194138
902,633	-0,0526960045099258	0,0375238209962845
903,632	0,17317895591259	-0,0750448182225227
904,631	0,152408838272095	0,150092452764511
905,627	0,0902605205774307	0,0750467032194138
906,63	0,0307084545493126	0,0750467032194138
907,626	0,0054758838377893	0,150092452764511
908,623	0,00401574512943625	0,0750467032194138
909,619	0,0234877243638039	9,39575329539366E-7
910,613	0,046205036342144	0,0750467032194138
911,618	0,0646229311823845	9,39575329539366E-7
912,608	0,0876642540097237	0,0750467032194138
913,608	0,0814986452460289	9,39575329539366E-7
914,604	0,0565090887248516	9,39575329539366E-7
915,6	0,00620595319196582	9,39575329539366E-7
916,604	0,244900226593018	9,39575329539366E-7
917,598	-0,153382241725922	0,0750467032194138
918,594	-0,229160964488983	-0,0375219397246838
919,591	-0,275731712579727	0,263142168521881
920,588	-0,314269602298737	9,39575329539366E-7
921,586	-0,296826869249344	0,112569577991962
922,589	0,0283562391996384	-0,0750448182225227
923,593	-0,00799145642668009	-0,0750448182225227
924,579	0,0834458470344543	-0,0375219397246838
925,574	0,0963451266288757	0,0750467032194138
926,577	0,0531017519533634	-0,0375219397246838
927,57	0,013427721336484	0,112569577991962
928,57	-0,0767114460468292	0,18761533498764
929,565	-0,157925710082054	0,0750467032194138
930,561	-0,232812345027924	0,0375238209962845
931,557	-0,297475934028625	9,39575329539366E-7
932,556	-0,311755388975143	0,112569577991962
933,555	-0,278815031051636	0,112569577991962
934,554	-0,193219318985939	9,39575329539366E-7
935,549	-0,058213584125042	0,0750467032194138
936,544	0,0881513133645058	9,39575329539366E-7
937,546	0,21455717086792	9,39575329539366E-7
938,547	-0,00977664813399315	-0,0750448182225227
939,543	-0,108515679836273	9,39575329539366E-7
940,534	0,200682729482651	0,0750467032194138
941,53	0,103322841227055	0,112569577991962
942,532	0,0307084545493126	0,0375238209962845
943,531	-0,268510967493057	0,0750467032194138
944,527	0,0281931925565004	9,39575329539366E-7
945,523	0,0752509981393814	-0,0375219397246838
946,517	0,0649469494819641	-0,0750448182225227
947,524	0,277678579092026	0,0750467032194138
948,515	-0,0294926762580872	0,0750467032194138
949,515	0,172204837203026	0,0375238209962845
950,508	-0,238166883587837	0,150092452764511
951,505	-0,299017071723938	9,39575329539366E-7
952,51	0,0197553355246782	0,0375238209962845
953,506	0,0210534669458866	9,39575329539366E-7
954,503	0,084418922662735	-0,0750448182225227
955,495	0,0796324536204338	9,39575329539366E-7
956,5	0,0476651750504971	9,39575329539366E-7
957,496	-0,013102981261909	0,0750467032194138
958,487	-0,105838410556316	0,0750467032194138
959,484	-0,193219318985939	0,150092452764511
960,483	-0,266401767730713	0,0750467032194138
961,484	-0,281249284744263	0,150092452764511
962,476	-0,282465368509293	0,112569577991962
963,472	-0,240114077925682	0,0375238209962845
964,473	-0,154113352298737	0,0375238209962845
965,467	-0,00401605712249875	9,39575329539366E-7
966,464	0,139183476567268	-0,0750448182225227
967,471	0,0389033034443855	0,0750467032194138
968,466	-0,029978696256876	0,0375238209962845
969,461	0,271511942148209	0,0375238209962845
970,457	0,20774145424366	0,0750467032194138
971,46	-0,282303363084793	0,112569577991962
972,453	0,0333857201039791	0,18761533498764
973,453	-0,28092423081398	0,0750467032194138
974,446	0,0142387934029102	9,39575329539366E-7
975,441	0,0531017519533634	9,39575329539366E-7
976,438	0,081984668970108	0,150092452764511
977,443	0,222995027899742	9,39575329539366E-7
978,437	0,288387656211853	0,0375238209962845
979,433	0,263642132282257	0,0750467032194138
980,432	0,178452476859093	0,0375238209962845
981,433	0,0926137715578079	0,0375238209962845
982,43	0,024379801005125	0,0375238209962845
983,426	0,01634799875319	9,39575329539366E-7
984,42	0,0354149639606476	0,0375238209962845
985,415	0,0649469494819641	0,0750467032194138
986,42	0,0856360569596291	-0,0375219397246838
987,418	0,0889623910188675	0,0375238209962845
988,412	0,0219465829432011	-0,0375219397246838
989,408	-0,0397146828472614	-0,0375219397246838
990,404	-0,150218948721886	-0,0375219397246838
991,4	-0,231271207332611	9,39575329539366E-7
992,403	-0,291228294372559	0,112569577991962
993,399	-0,303966581821442	0,0750467032194138
994,394	-0,262831389904022	0,0750467032194138
995,389	-0,175937548279762	0,0750467032194138
996,39	-0,0496137179434299	0,0375238209962845
997,391	0,0784153267741203	-0,0750448182225227
998,384	0,206200316548347	0,0375238209962845
999,383	-0,00888457149267197	-0,0375219397246838
1000,377	0,281572967767715	9,39575329539366E-7
1001,381	-0,198979914188385	0,225619286298752
