sec"    "mA"    "mV
1,01	-0,093993216753006	-0,188094526529312
2,001	0,289848834276199	-0,0750448182225227
2,769	-0,00774844642728567	0,0375238209962845
2,998	0,288063645362854	0,0375238209962845
4,004	-0,176424607634544	9,39575329539366E-7
5	-0,20084610581398	0,0750467032194138
5,996	-0,196951702237129	9,39575329539366E-7
6,989	0,148352444171906	9,39575329539366E-7
7,986	0,178290471434593	0,0750467032194138
8,992	-0,391346454620361	0,150092452764511
9,987	-0,39434877038002	0,0750467032194138
10,86	0,258125603199005	-0,150571644306183
10,981	-0,382989585399628	0,0750467032194138
11,976	-0,340963363647461	0,0750467032194138
12,974	-0,265346646308899	9,39575329539366E-7
13,978	-0,177722737193108	-0,0750448182225227
14,972	-0,081822969019413	9,39575329539366E-7
15,967	0,0283562391996384	-0,0375219397246838
16,966	0,107055231928825	0,0750467032194138
17,96	0,170663684606552	-0,0750448182225227
18,958	0,222264960408211	9,39575329539366E-7
19,956	0,257800549268723	-0,0750448182225227
20,959	-0,128393709659576	0,0375238209962845
21,949	0,285061299800873	-0,0375219397246838
22,948	0,273622184991837	9,39575329539366E-7
23,953	-0,161902144551277	0,150092452764511
24,946	0,228592574596405	0,0750467032194138
25,942	0,213664054870605	0,0750467032194138
26,937	0,186241269111633	9,39575329539366E-7
27,933	0,174882099032402	0,0750467032194138
28,935	-0,266320765018463	0,0375238209962845
29,935	-0,289443105459213	0,112569577991962
30,932	-0,313620537519455	0,0750467032194138
31,925	0,163036912679672	0,0750467032194138
32,921	0,164822101593018	0,0750467032194138
33,918	0,173421964049339	9,39575329539366E-7
34,921	-0,393780708312988	9,39575329539366E-7
35,918	-0,40173152089119	-0,0750448182225227
36,915	-0,399460285902023	0,0750467032194138
37,909	-0,403759717941284	9,39575329539366E-7
38,912	-0,388507187366486	9,39575329539366E-7
39,909	-0,376417934894562	9,39575329539366E-7
40,903	-0,356864959001541	0,0750467032194138
41,9	-0,362057477235794	0,0375238209962845
42,895	-0,346317887306213	0,112569577991962
43,899	-0,311998397111893	9,39575329539366E-7
44,897	0,204577133059502	9,39575329539366E-7
45,891	-0,333417564630508	0,0750467032194138
46,889	-0,301207274198532	-0,0750448182225227
47,882	-0,286522805690765	0,0750467032194138
48,887	0,205470249056816	-0,0375219397246838
49,88	-0,292201370000839	9,39575329539366E-7
50,882	0,198086470365524	-0,0750448182225227
51,875	-0,340314298868179	0,0750467032194138
52,868	-0,377960115671158	9,39575329539366E-7
53,866	-0,402461588382721	9,39575329539366E-7
54,869	0,229890704154968	9,39575329539366E-7
55,866	0,213989108800888	9,39575329539366E-7
56,866	0,258206605911255	-0,0750448182225227
57,857	-0,38355764746666	0,0375238209962845
58,861	0,214232116937637	9,39575329539366E-7
59,857	0,226970419287682	0,0375238209962845
60,849	0,220722779631615	9,39575329539366E-7
61,85	0,221371844410896	9,39575329539366E-7
62,841	-0,426477015018463	0,112569577991962
63,841	0,216909378767014	0,0375238209962845
64,843	0,199952661991119	0,0750467032194138
65,836	0,173990026116371	9,39575329539366E-7
66,833	0,144620046019554	-0,0750448182225227
67,827	-0,306237816810608	-0,0750448182225227
68,833	0,141293719410896	-0,113048762083054
69,827	0,158737495541573	0,0750467032194138
70,822	0,131394684314728	-0,0750448182225227
71,819	0,111760698258877	9,39575329539366E-7
72,815	0,0875832512974739	9,39575329539366E-7
73,812	0,0641358718276024	-0,0750448182225227
74,816	0,02900530397892	-0,0375219397246838
75,814	0,23832856118679	9,39575329539366E-7
76,813	0,257232487201691	-0,0375219397246838
77,802	-0,0321699418127537	9,39575329539366E-7
78,799	-0,0258412901312113	9,39575329539366E-7
79,802	0,299665808677673	9,39575329539366E-7
80,796	-0,0790646970272064	-0,0375219397246838
81,799	0,261289924383163	0,0375238209962845
82,789	-0,168960869312286	9,39575329539366E-7
83,794	0,27873370051384	9,39575329539366E-7
84,788	0,254150182008743	9,39575329539366E-7
85,789	0,211960896849632	9,39575329539366E-7
86,779	-0,158818826079369	9,39575329539366E-7
87,777	-0,15549248456955	9,39575329539366E-7
88,776	0,233785092830658	0,0750467032194138
89,776	0,216666370630264	0,0750467032194138
90,774	0,218937590718269	0,0750467032194138
91,772	0,180480688810349	9,39575329539366E-7
92,764	0,201007783412933	0,0750467032194138
93,76	0,200439721345901	0,0750467032194138
94,766	0,198248475790024	9,39575329539366E-7
95,758	0,201737850904465	0,0750467032194138
96,756	0,208228513598442	0,0375238209962845
97,75	0,213745057582855	0,112569577991962
98,755	-0,3301722407341	9,39575329539366E-7
99,753	-0,347128957509995	0,0375238209962845
100,24	-0,0451512597501278	9,39575329539366E-7
100,745	0,938022792339325	300,175811767578
101,741	0,496819883584976	300,137817382813
102,737	0,372604221105576	300,062774658203
103,734	0,33284917473793	299,9501953125
104,737	-0,336094826459885	300,250885009766
105,733	0,284493237733841	299,987731933594
106,728	0,267131507396698	300,100311279297
107,724	0,248145550489426	300,062774658203
108,73	-0,248146921396255	300,100311279297
109,724	-0,192489251494408	299,912689208984
110,72	-0,124661326408386	300,062774658203
111,72	-0,0803628340363503	299,987731933594
112,712	0,114194959402084	300,062774658203
113,715	0,0667321383953094	300,100311279297
114,711	0,11322084069252	300,062774658203
115,708	0,156708255410194	299,912689208984
116,7	-0,00499017536640167	300,062774658203
117,699	0,231351882219315	300,025238037109
118,702	0,237923547625542	300,175811767578
119,7	0,244414210319519	299,987731933594
120,693	0,252608001232147	300,213348388672
121,687	0,280193835496902	300,062774658203
122,684	0,264454245567322	300,137817382813
123,682	0,279382765293121	300,025238037109
124,683	0,28700852394104	300,062774658203
125,679	0,286846488714218	300,213348388672
126,674	0,269808769226074	300,100311279297
127,67	0,266238391399384	300,137817382813
128,668	0,251390874385834	300,062774658203
129,67	0,236787423491478	300,062774658203
130,668	0,247415482997894	300,062774658203
131,662	0,246766418218613	300,100311279297
132,659	0,222182914614677	300,137817382813
133,655	0,212690979242325	300,062774658203
134,66	-0,174802467226982	299,987731933594
135,653	0,201493799686432	300,100311279297
136,648	0,205307200551033	300,137817382813
137,644	0,192244872450829	300,100311279297
138,642	0,192325875163078	300,100311279297
139,644	-0,252203315496445	300,137817382813
140,64	-0,262020319700241	300,100311279297
141,634	0,204577133059502	299,987731933594
142,631	0,200358718633652	300,025238037109
143,638	-0,312890470027924	300,100311279297
144,634	-0,318489044904709	300,062774658203
145,625	-0,350617289543152	300,100311279297
146,623	-0,343153566122055	299,987731933594
147,618	-0,353213578462601	300,175811767578
148,617	-0,36871013045311	300,062774658203
149,618	-0,362625539302826	300,175811767578
150,617	-0,367087990045547	299,912689208984
151,617	0,229241639375687	300,062774658203
152,607	-0,370171308517456	300,100311279297
153,603	-0,372686594724655	300,250885009766
154,606	-0,373984724283218	300,025238037109
155,601	-0,364004671573639	300,100311279297
156,601	0,199303597211838	299,9501953125
157,594	-0,365546852350235	300,213348388672
158,597	0,208796575665474	299,987731933594
159,594	0,189729616045952	300,062774658203
160,591	0,168229430913925	299,912689208984
161,582	-0,325222730636597	300,213348388672
162,579	-0,301937341690063	300,062774658203
163,586	0,139508530497551	300,025238037109
164,579	0,125229075551033	299,912689208984
165,577	0,12806835770607	300,100311279297
166,57	-0,20887790620327	300,025238037109
167,567	-0,169771939516068	300,250885009766
168,565	0,071924664080143	299,9501953125
169,566	0,0446638949215412	300,100311279297
170,562	0,024379801005125	300,062774658203
171,564	-0,0267333667725325	300,062774658203
172,554	-0,0341981425881386	299,987731933594
173,558	-0,0750892981886864	300,175811767578
174,555	-0,101944014430046	300,062774658203
175,551	-0,0994287580251694	299,9501953125
176,548	-0,106731526553631	299,987731933594
177,542	-0,101456955075264	300,025238037109
178,546	0,277516573667526	300,100311279297
179,54	-0,120766930282116	300,100311279297
180,537	-0,129366800189018	300,175811767578
181,529	-0,12969183921814	300,175811767578
182,528	-0,139914900064468	300,062774658203
183,532	0,205956265330315	300,100311279297
184,528	0,208066508173943	300,100311279297
185,518	-0,155573487281799	300,137817382813
186,524	0,18494313955307	300,100311279297
187,514	-0,201495170593262	300,137817382813
188,52	0,192244872450829	300,100311279297
189,515	0,210175707936287	300,100311279297
190,508	-0,305994778871536	300,213348388672
191,505	0,247496485710144	299,987731933594
192,502	-0,380880385637283	300,175811767578
193,505	0,216017305850983	299,987731933594
194,502	0,167661368846893	300,062774658203
195,495	0,12376894056797	300,062774658203
196,494	0,0732227936387062	299,987731933594
197,488	-0,0122919082641602	300,025238037109
198,485	-0,0559413358569145	300,100311279297
199,489	-0,119468800723553	300,062774658203
200,483	-0,116061463952065	300,137817382813
201,181	0,213908106088638	300,137817382813
201,482	-0,324168652296066	250,00244140625
202,475	-0,204496443271637	250,077484130859
203,472	-0,216504693031311	250,190063476563
204,477	0,176262274384499	250,077484130859
205,47	-0,313539534807205	250,039962768555
206,471	0,219262629747391	250,00244140625
207,461	-0,388020128011703	250,077484130859
208,468	0,200682729482651	250,00244140625
209,463	0,124337002635002	250,00244140625
210,459	0,0421486347913742	249,926910400391
211,455	0,0335487648844719	250,039962768555
212,45	0,0892053991556168	249,926910400391
213,446	0,17309795320034	250,00244140625
214,449	-0,118251666426659	249,964431762695
215,445	-0,128150701522827	250,00244140625
216,437	0,271268904209137	249,964431762695
217,435	0,257800549268723	250,00244140625
218,439	-0,156627580523491	250,077484130859
219,437	-0,190623059868813	250,039962768555
220,431	-0,24636173248291	250,152526855469
221,427	-0,305588752031326	250,00244140625
222,424	-0,365870863199234	250,00244140625
223,429	-0,399784296751022	250,115005493164
224,423	-0,364166676998138	249,926910400391
225,419	-0,328793108463287	250,00244140625
226,414	-0,271350234746933	250,077484130859
227,408	-0,198330849409103	249,926910400391
228,407	-0,0609718561172485	250,00244140625
229,408	0,0578882247209549	250,00244140625
230,407	0,165633171796799	250,00244140625
231,404	0,239870741963387	249,964431762695
232,397	0,273622184991837	250,077484130859
233,393	0,286927491426468	249,926910400391
234,398	-0,13691258430481	250,00244140625
235,393	0,259747743606567	250,00244140625
236,387	0,238004550337791	250,077484130859
237,383	0,2261593490839	250,077484130859
238,389	-0,186728656291962	250,039962768555
239,383	-0,212448284029961	250,227584838867
240,379	-0,231271207332611	250,00244140625
241,375	-0,270782172679901	250,115005493164
242,37	0,20368504524231	250,077484130859
243,367	0,212852984666824	250,077484130859
244,369	-0,346641898155212	250,00244140625
245,365	-0,385342836380005	250,115005493164
246,358	0,222345963120461	250,077484130859
247,357	-0,376661986112595	250,190063476563
248,354	-0,354349702596664	250,077484130859
249,356	-0,36846712231636	250,077484130859
250,351	-0,348508089780807	250,077484130859
251,352	-0,327250927686691	250,077484130859
252,343	-0,308753073215485	250,00244140625
253,34	-0,288144946098328	250,077484130859
254,343	-0,250905185937881	250,00244140625
255,338	-0,217396765947342	250,039962768555
256,334	-0,181455120444298	250,00244140625
257,332	-0,146161511540413	249,964431762695
258,336	0,0334677621722221	249,964431762695
259,33	-0,0933441519737244	249,851867675781
260,326	-0,0773605108261108	249,851867675781
261,32	-0,052209984511137	250,152526855469
262,317	-0,0712759047746658	250,077484130859
263,314	-0,0394716747105122	250,00244140625
264,318	-0,0100206965580583	250,00244140625
265,315	-0,0208107698708773	249,926910400391
266,306	-0,0455562770366669	250,039962768555
267,305	-0,0655963197350502	250,152526855469
268,302	-0,0797947719693184	250,00244140625
269,304	0,0248668603599072	249,926910400391
270,302	0,0068550193682313	250,00244140625
271,3	0,0178891401737928	250,00244140625
272,293	0,104458965361118	250,115005493164
273,288	-0,140644967556	250,077484130859
274,291	-0,003692043479532	249,926910400391
275,287	0,0599164254963398	250,00244140625
276,285	0,0476651750504971	250,00244140625
277,28	0,0566710941493511	250,00244140625
278,275	0,0870961919426918	249,964431762695
279,28	0,0576452128589153	250,077484130859
280,273	0,114518970251083	250,077484130859
281,267	0,10145664960146	250,039962768555
282,265	0,108110353350639	249,964431762695
283,264	0,105676099658012	250,077484130859
284,264	0,09050352871418	250,00244140625
285,26	0,0986173748970032	250,00244140625
286,256	0,0698964670300484	249,964431762695
287,254	0,0600794702768326	250,00244140625
288,258	-0,0122919082641602	249,964431762695
289,252	0,0285182446241379	249,926910400391
290,25	0,0312765166163445	249,926910400391
291,243	0,0321696326136589	250,00244140625
292,239	0,00782913714647293	249,964431762695
293,245	0,112977832555771	250,077484130859
294,241	0,131394684314728	250,00244140625
295,236	0,160765692591667	249,964431762695
296,231	0,201007783412933	250,00244140625
297,226	-0,0427980087697506	249,964431762695
298,231	0,210013702511787	250,039962768555
299,226	0,264210194349289	250,039962768555
300,22	0,284007221460342	249,926910400391
301,041	0,253663122653961	250,00244140625
301,214	-0,361084401607513	200,05419921875
302,212	0,228430569171906	200,05419921875
303,21	0,250011742115021	199,941635131836
304,211	0,254393190145493	200,016677856445
305,21	0,243359073996544	199,979156494141
306,206	0,253501117229462	200,016677856445
307,201	0,228917628526688	199,979156494141
308,205	-0,163118228316307	200,167251586914
309,2	-0,182104200124741	200,092208862305
310,197	0,211554855108261	200,016677856445
311,197	-0,235976666212082	199,866577148438
312,187	0,197437405586243	200,016677856445
313,19	-0,312322407960892	199,941635131836
314,187	-0,3449387550354	200,092208862305
315,183	-0,363923668861389	199,941635131836
316,182	-0,380556374788284	200,092208862305
317,172	0,221533849835396	199,866577148438
318,177	-0,358893156051636	200,016677856445
319,172	-0,299017071723938	199,941635131836
320,17	-0,239059999585152	200,092208862305
321,165	-0,173666328191757	199,941635131836
322,161	0,128636419773102	200,016677856445
323,166	0,0298973806202412	199,866577148438
324,159	0,137723326683044	200,016677856445
325,158	0,17812742292881	200,05419921875
326,151	0,239464685320854	200,016677856445
327,149	0,254150182008743	199,941635131836
328,149	0,273459136486053	200,05419921875
329,148	0,284656286239624	199,979156494141
330,148	-0,116223469376564	199,904098510742
331,141	0,266401439905167	200,016677856445
332,134	0,244819223880768	200,129730224609
333,138	0,232162952423096	200,016677856445
334,134	0,23427215218544	200,129730224609
335,131	0,205551251769066	200,167251586914
336,129	0,197518408298492	200,092208862305
337,122	0,191027745604515	200,092208862305
338,125	-0,214476495981216	200,092208862305
339,116	0,176748290657997	200,05419921875
340,117	0,180805742740631	200,092208862305
341,118	-0,270945221185684	200,05419921875
342,108	0,167905420064926	200,05419921875
343,11	-0,315000712871552	200,167251586914
344,107	-0,339583188295364	199,941635131836
345,103	0,203198000788689	200,05419921875
346,104	-0,363031595945358	199,941635131836
347,097	0,205307200551033	200,092208862305
348,092	0,222750976681709	199,866577148438
349,094	-0,390778392553329	200,092208862305
350,091	-0,355647832155228	199,829055786133
351,085	-0,322302460670471	200,016677856445
352,083	-0,249850064516068	199,866577148438
353,088	-0,18242821097374	199,941635131836
354,082	-0,0935061573982239	199,866577148438
355,079	-0,000202664770768024	199,904098510742
356,072	0,0982113182544708	199,941635131836
357,069	0,181454807519913	199,979156494141
358,065	0,241654887795448	200,016677856445
359,07	0,276218444108963	200,016677856445
360,061	0,293743222951889	199,904098510742
361,057	0,25277104973793	200,05419921875
362,055	0,24214194715023	200,05419921875
363,06	-0,172124147415161	200,05419921875
364,055	-0,19776277244091	200,167251586914
365,049	0,205551251769066	200,092208862305
366,051	-0,329604178667068	200,092208862305
367,044	0,239789739251137	199,941635131836
368,039	0,212203919887543	200,05419921875
369,04	-0,294473618268967	199,941635131836
370,038	-0,166769623756409	200,016677856445
371,035	-0,015618241392076	200,016677856445
372,03	0,00336667895317078	200,016677856445
373,025	-0,115736410021782	200,016677856445
374,028	0,283844172954559	200,05419921875
375,025	0,29471629858017	199,941635131836
376,027	0,244657218456268	200,092208862305
377,016	-0,139346837997437	200,092208862305
378,012	-0,179588928818703	199,979156494141
379,015	0,229241639375687	200,129730224609
380,01	0,230864822864532	199,941635131836
381,007	0,209850654006004	200,092208862305
382,004	0,147784367203712	199,979156494141
383	0,0625126883387566	199,979156494141
384,004	-0,025030218064785	200,016677856445
384,999	-0,0846632793545723	200,016677856445
385,994	-0,108840733766556	199,941635131836
386,991	-0,118251666426659	200,092208862305
387,987	-0,118981741368771	200,016677856445
388,988	-0,130421921610832	200,05419921875
389,986	-0,168067753314972	199,979156494141
390,978	-0,21690970659256	200,05419921875
391,976	-0,287495881319046	200,204772949219
392,974	-0,346966952085495	199,904098510742
393,979	0,209120586514473	200,016677856445
394,973	0,183888018131256	199,941635131836
395,967	-0,324249655008316	200,016677856445
396,965	-0,223319366574287	199,866577148438
397,96	-0,0946422815322876	200,092208862305
398,963	-0,0549682527780533	199,904098510742
399,96	-0,0938312113285065	199,979156494141
400,459	-0,339908242225647	199,904098510742
400,957	-0,229648023843765	150,031387329102
401,951	0,2261593490839	149,918823242188
402,957	-0,140238910913467	150,106430053711
403,95	-0,130827978253365	150,106430053711
404,946	-0,156871616840363	149,956344604492
405,939	0,211554855108261	149,993865966797
406,94	-0,23557060956955	149,918823242188
407,934	-0,298042953014374	150,143951416016
408,938	-0,358082085847855	150,068908691406
409,933	-0,384936779737473	150,106430053711
410,933	-0,389643311500549	149,843292236328
411,926	-0,317109912633896	149,993865966797
412,93	0,0999965071678162	149,956344604492
413,925	-0,174153387546539	150,031387329102
414,919	-0,0833651497960091	149,843292236328
415,915	0,039065308868885	149,918823242188
416,912	0,126040145754814	149,956344604492
417,916	-0,0972385480999947	150,031387329102
418,913	-0,127987653017044	149,993865966797
419,909	-0,131801053881645	150,031387329102
420,903	0,258693665266037	149,918823242188
421,897	0,261775940656662	150,068908691406
422,894	0,234921216964722	150,18147277832
423,897	-0,207336768507957	149,993865966797
424,895	-0,21569362282753	150,143951416016
425,888	0,214394122362137	149,843292236328
426,884	0,224698171019554	150,143951416016
427,882	0,20360404253006	149,993865966797
428,883	-0,39442977309227	150,031387329102
429,882	-0,373659670352936	149,956344604492
430,881	-0,3155677318573	149,956344604492
431,872	-0,223238363862038	149,843292236328
432,868	-0,111680008471012	150,068908691406
433,873	0,00726107461377978	149,918823242188
434,868	0,120198555290699	150,068908691406
435,865	0,201169788837433	149,956344604492
436,858	0,255367308855057	149,993865966797
437,863	-0,124823331832886	149,956344604492
438,858	0,284575283527374	150,031387329102
439,853	0,258125603199005	149,993865966797
440,855	-0,120279870927334	150,031387329102
441,845	0,230215758085251	150,106430053711
442,851	-0,213259354233742	149,880813598633
443,845	-0,248713940382004	150,106430053711
444,842	0,215124189853668	150,068908691406
445,835	0,213583052158356	150,106430053711
446,832	0,225347235798836	149,880813598633
447,838	-0,394186764955521	150,143951416016
448,834	-0,380880385637283	149,956344604492
449,833	-0,314513653516769	149,956344604492
450,822	0,173421964049339	149,880813598633
451,82	0,129042476415634	150,106430053711
452,816	0,0747639387845993	149,805770874023
453,82	0,17691133916378	150,031387329102
454,813	0,231188833713531	149,880813598633
455,811	0,292039036750793	150,106430053711
456,806	-0,122390113770962	150,031387329102
457,802	-0,125554442405701	150,031387329102
458,806	0,229160636663437	150,031387329102
459,8	0,217072427272797	149,843292236328
460,804	0,212365925312042	150,106430053711
461,794	0,221371844410896	149,993865966797
462,79	0,230702817440033	150,031387329102
463,792	0,220398768782616	149,956344604492
464,79	0,202224910259247	150,068908691406
465,787	0,157925382256508	149,843292236328
466,781	0,0788203403353691	150,031387329102
467,786	0,181454807519913	149,880813598633
468,78	0,257638543844223	150,031387329102
469,776	-0,125229388475418	149,956344604492
470,778	0,247253477573395	149,956344604492
471,769	-0,136993587017059	150,031387329102
472,772	0,0722486823797226	149,880813598633
473,769	0,211554855108261	149,993865966797
474,766	0,217721492052078	149,956344604492
475,764	0,20757944881916	150,106430053711
476,755	-0,353863656520844	149,956344604492
477,759	0,220884785056114	150,106430053711
478,753	0,19605827331543	149,880813598633
479,749	0,165714174509048	150,031387329102
480,742	-0,258937001228333	149,918823242188
481,741	0,023974783718586	150,031387329102
482,746	-0,0251112207770348	149,805770874023
483,741	-0,0703017860651016	149,993865966797
484,736	-0,114276267588139	149,956344604492
485,73	-0,123120181262493	150,068908691406
486,729	-0,125229388475418	149,993865966797
487,724	-0,129285797476768	150,031387329102
488,729	0,223319038748741	150,106430053711
489,724	-0,191759184002876	149,880813598633
490,724	0,224212154746056	150,106430053711
491,715	-0,326683908700943	149,843292236328
492,711	-0,380231320858002	149,993865966797
493,713	-0,402624607086182	150,031387329102
494,711	-0,372848600149155	150,031387329102
495,711	0,121983751654625	149,880813598633
496,701	-0,193381324410439	150,031387329102
497,699	-0,0623509921133518	149,843292236328
498,7	-0,0505057945847511	150,106430053711
499,696	0,145999178290367	149,843292236328
500,69	0,204658135771751	150,031387329102
501,688	0,253420114517212	149,880813598633
502,694	-0,125229388475418	150,031387329102
503,135	0,218775570392609	149,956344604492
503,689	-0,236057668924332	99,8204803466797
504,684	-0,163037225604057	99,8204803466797
505,684	-0,154518365859985	99,8955307006836
506,677	-0,173260286450386	99,8955307006836
507,681	-0,199384927749634	99,9330520629883
508,678	-0,239709064364433	99,782958984375
509,669	-0,276542782783508	100,046104431152
510,665	-0,323113530874252	99,970573425293
511,663	-0,36862912774086	99,970573425293
512,658	-0,396295964717865	99,970573425293
513,661	-0,396133959293365	100,046104431152
514,659	-0,367087990045547	99,8955307006836
515,652	-0,340557307004929	99,8955307006836
516,648	-0,261695265769958	99,8955307006836
517,646	-0,176667615771294	99,8204803466797
518,645	-0,0785776376724243	99,8580017089844
519,644	0,0235687270760536	99,8580017089844
520,64	0,0772792026400566	99,8955307006836
521,637	0,15046164393425	99,8204803466797
522,641	-0,116467513144016	99,8580017089844
523,636	-0,1150873452425	99,8204803466797
524,63	0,281734973192215	99,8955307006836
525,632	-0,120928935706615	99,8955307006836
526,624	0,279138714075089	99,8955307006836
527,62	0,273054122924805	99,8955307006836
528,624	-0,123201183974743	99,8204803466797
529,62	-0,152571171522141	99,8955307006836
530,616	-0,161171033978462	99,970573425293
531,609	0,224942222237587	99,8955307006836
532,606	0,217153429985046	100,008575439453
533,609	-0,291309297084808	99,9330520629883
534,605	-0,347535014152527	100,046104431152
535,599	0,226808413863182	99,8580017089844
536,596	0,219343632459641	99,970573425293
537,594	-0,388913244009018	99,970573425293
538,597	-0,36871013045311	100,008575439453
539,593	-0,316865861415863	99,8955307006836
540,587	-0,228836938738823	99,8955307006836
541,583	-0,160928025841713	99,8955307006836
542,589	-0,0140770990401506	99,8580017089844
543,586	-0,0476665236055851	99,8204803466797
544,579	0,104620978236198	99,8580017089844
545,581	-0,092614084482193	99,8580017089844
546,571	0,231837898492813	99,8955307006836
547,574	-0,119793847203255	99,782958984375
548,57	-0,121984057128429	99,782958984375
549,565	0,297069549560547	99,8955307006836
550,561	0,28368216753006	99,8955307006836
551,556	0,270700842142105	99,8955307006836
552,554	0,35873082280159	99,8955307006836
553,556	-0,141375035047531	99,8955307006836
554,552	-0,169933944940567	99,9330520629883
555,547	0,241573885083199	99,970573425293
556,544	0,220641776919365	99,8580017089844
557,549	-0,267131835222244	100,046104431152
558,546	-0,320760279893875	99,8204803466797
559,538	-0,350212275981903	100,008575439453
560,538	-0,375119805335999	99,8955307006836
561,53	0,213664054870605	99,970573425293
562,537	-0,340557307004929	99,9330520629883
563,533	-0,297231882810593	100,046104431152
564,525	-0,198492854833603	99,782958984375
565,519	-0,0882326290011406	99,8955307006836
566,519	0,0413375608623028	99,8955307006836
567,514	0,157276317477226	99,8955307006836
568,512	0,234515175223351	99,8955307006836
569,51	0,288631707429886	99,8955307006836
570,509	0,283033102750778	99,8580017089844
571,506	0,251715928316116	99,8204803466797
572,501	0,226970419287682	100,008575439453
573,504	0,223725095391273	99,970573425293
574,501	0,218775570392609	100,008575439453
575,496	0,223481044173241	99,8955307006836
576,492	0,225266233086586	99,970573425293
577,497	-0,338853120803833	99,8955307006836
578,493	-0,216179639101028	99,970573425293
579,487	-0,0493696704506874	99,8955307006836
580,484	0,116548210382462	99,8580017089844
581,478	-0,0662453845143318	99,970573425293
582,475	-0,110787928104401	99,782958984375
583,477	0,279219716787338	99,9330520629883
584,476	0,24903866648674	99,782958984375
585,469	0,230053752660751	99,9330520629883
586,467	0,220154717564583	99,8955307006836
587,462	-0,165471494197845	99,9330520629883
588,465	0,20757944881916	99,8955307006836
589,463	0,216423362493515	99,970573425293
590,46	0,21837055683136	99,8204803466797
591,453	0,209607645869255	99,970573425293
592,456	0,182914942502975	99,8955307006836
593,454	0,152895897626877	99,970573425293
594,448	0,0858790650963783	99,8955307006836
595,442	0,0235687270760536	99,8580017089844
596,441	-0,0320889391005039	99,9330520629883
597,444	0,223319038748741	99,782958984375
598,439	-0,116223469376564	99,8580017089844
599,435	-0,135695442557335	99,8955307006836
600,435	0,282871097326279	99,9330520629883
600,655	0,27978777885437	99,8580017089844
601,424	-0,188756853342056	50,0603332519531
602,423	-0,150380969047546	49,9477653503418
603,424	0,243684127926826	49,8351936340332
604,422	0,23727448284626	50,1358604431152
605,415	-0,267699897289276	49,9102401733398
606,413	-0,340719312429428	50,0978546142578
607,418	0,228024512529373	49,7596702575684
608,414	0,165633171796799	49,9852867126465
609,407	0,132774859666824	49,7596702575684
610,403	0,110057555139065	49,9102401733398
611,401	0,0234877243638039	49,9102401733398
612,396	-0,127338588237762	49,9852867126465
613,401	-0,0689226537942886	49,9102401733398
614,395	-0,121496997773647	50,0603332519531
615,391	-0,122876137495041	49,9852867126465
616,388	-0,128393709659576	50,0603332519531
617,392	-0,110057860612869	49,9477653503418
618,385	-0,106163464486599	49,9852867126465
619,382	-0,113303191959858	50,0228080749512
620,384	0,267455518245697	49,8351936340332
621,374	-0,177316680550575	50,1358604431152
622,371	-0,2246984988451	49,9102401733398
623,374	0,244576215744019	49,9852867126465
624,37	-0,34875214099884	49,8351936340332
625,367	-0,373497664928436	50,0228080749512
626,361	-0,427938193082809	49,797191619873
627,358	-0,409358292818069	50,0228080749512
628,362	0,0750079900026321	49,8351936340332
629,357	0,0129406619817019	49,9852867126465
630,358	-0,0253542307764292	49,7596702575684
631,348	-0,0771985054016113	50,0228080749512
632,353	-0,104297272861004	49,8351936340332
633,343	0,163117915391922	50,0228080749512
634,344	-0,118414714932442	49,8351936340332
635,343	-0,126365512609482	49,9477653503418
636,334	0,313458204269409	49,9477653503418
637,34	-0,111761011183262	49,9477653503418
638,333	-0,123282186686993	49,9102401733398
639,333	-0,170664012432098	49,9477653503418
640,323	0,249525725841522	50,0603332519531
641,32	0,231513887643814	49,8727188110352
642,326	-0,343234568834305	49,9852867126465
643,322	-0,396783024072647	49,7596702575684
644,318	-0,404814839363098	49,9477653503418
645,315	-0,420879483222961	49,8351936340332
646,31	-0,37852817773819	49,9102401733398
647,314	0,0818226635456085	49,7596702575684
648,308	-0,283520489931107	49,9852867126465
649,308	0,00604394637048244	49,797191619873
650,305	-0,0329810157418251	49,9852867126465
651,296	-0,0819039717316628	49,8351936340332
652,3	-0,0195126384496689	49,9852867126465
653,295	-0,105433396995068	49,9102401733398
654,289	0,104377962648869	49,9477653503418
655,29	-0,112329073250294	49,8727188110352
656,282	0,201007783412933	49,9852867126465
657,28	0,192325875163078	49,8727188110352
658,283	-0,118251666426659	49,9852867126465
659,278	-0,112654127180576	49,9102401733398
660,27	0,257557541131973	50,0603332519531
661,268	0,267131507396698	49,9477653503418
662,273	-0,120604924857616	50,0978546142578
663,269	-0,112329073250294	49,9102401733398
664,263	-0,113789208233356	49,9852867126465
665,26	-0,101375952363014	49,9102401733398
666,257	-0,103729203343391	49,9477653503418
667,252	-0,0923700332641602	49,9477653503418
668,257	-0,100483879446983	50,0978546142578
669,254	-0,104135259985924	49,9102401733398
670,248	-0,0916399657726288	49,9852867126465
671,242	-0,105838410556316	49,9852867126465
672,247	0,267131507396698	49,9102401733398
673,244	0,268266588449478	49,9102401733398
674,237	-0,108596682548523	49,9852867126465
675,232	-0,114357270300388	49,9852867126465
676,228	-0,116142466664314	49,9852867126465
677,227	-0,124661326408386	49,9477653503418
678,229	0,25285205245018	49,9852867126465
679,226	-0,130259916186333	49,9852867126465
680,22	-0,140806972980499	49,9477653503418
681,216	-0,15638455748558	50,0603332519531
682,213	-0,164579406380653	49,9102401733398
683,217	0,239383682608604	50,0978546142578
684,21	-0,182672262191772	49,8727188110352
685,212	0,232405960559845	50,1733818054199
686,204	-0,18242821097374	49,9102401733398
687,201	-0,19013600051403	50,0228080749512
688,202	0,233217030763626	49,8727188110352
689,196	-0,181130081415176	50,0978546142578
690,197	0,238734617829323	49,8727188110352
691,19	-0,166282564401627	49,9852867126465
692,186	-0,155248433351517	49,9477653503418
693,189	0,239221677184105	50,0603332519531
694,186	0,23443415760994	49,9102401733398
695,179	0,236544400453568	50,0978546142578
696,177	0,253338068723679	49,9102401733398
697,181	0,237679496407509	50,0978546142578
698,176	0,247415482997894	49,9477653503418
699,174	0,244576215744019	50,0228080749512
700,167	0,244657218456268	49,9102401733398
700,663	0,0292483158409595	49,8727188110352
701,164	0,124418005347252	0,0750467032194138
702,161	0,198573529720306	0,0750467032194138
703,165	-0,231838226318359	0,0750467032194138
704,158	0,2261593490839	0,150092452764511
705,158	-0,204172432422638	0,0750467032194138
706,152	0,23735548555851	0,0750467032194138
707,149	0,241005823016167	0,0750467032194138
708,153	-0,18981197476387	0,18761533498764
709,146	0,254231184720993	0,0375238209962845
710,143	0,249362677335739	0,0750467032194138
711,139	0,260234802961349	0,0750467032194138
712,134	0,245955348014832	-0,0750448182225227
713,137	-0,155654489994049	0,0750467032194138
714,133	-0,129042774438858	0,0750467032194138
715,128	0,270376831293106	0,0375238209962845
716,126	-0,13269416987896	0,112569577991962
717,13	-0,13366724550724	9,39575329539366E-7
718,127	-0,127987653017044	0,150092452764511
719,119	-0,11881972849369	0,0375238209962845
720,118	-0,119306787848473	0,0750467032194138
721,11	-0,119468800723553	0,0750467032194138
722,108	-0,105595402419567	9,39575329539366E-7
723,112	-0,127338588237762	0,0750467032194138
724,107	-0,128799766302109	0,0375238209962845
725,099	-0,123525202274323	9,39575329539366E-7
726,098	-0,11111194640398	9,39575329539366E-7
727,103	0,30948281288147	0,112569577991962
728,099	0,281734973192215	-0,0375219397246838
729,093	-0,0960214212536812	9,39575329539366E-7
730,095	0,223400041460991	-0,0750448182225227
731,086	-0,0519659332931042	0,0750467032194138
732,081	-0,0110747795552015	-0,0375219397246838
733,086	0,0774412080645561	0,0750467032194138
734,082	0,0232447143644094	-0,0375219397246838
735,077	0,081984668970108	9,39575329539366E-7
736,071	0,10932644456625	9,39575329539366E-7
737,072	0,141049668192863	0,0375238209962845
738,071	-0,279869109392166	9,39575329539366E-7
739,067	-0,330740302801132	0,0750467032194138
740,064	-0,353132575750351	0,0750467032194138
741,06	0,223806098103523	0,0750467032194138
742,056	0,225185230374336	0,0750467032194138
743,058	-0,414388805627823	0,0750467032194138
744,056	-0,422015607357025	0,0750467032194138
745,051	-0,410818427801132	0,0375238209962845
746,046	-0,394997835159302	9,39575329539366E-7
747,051	-0,404408782720566	0,0750467032194138
748,047	-0,396619975566864	-0,0375219397246838
749,04	-0,383882701396942	0,0750467032194138
750,043	-0,372523546218872	0,0375238209962845
751,032	-0,35621589422226	0,0375238209962845
752,029	-0,366438925266266	0,0750467032194138
753,032	-0,339665234088898	0,0750467032194138
754,03	-0,338204056024551	0,0375238209962845
755,022	-0,328468054533005	0,150092452764511
756,021	-0,318651050329208	0,0750467032194138
757,018	-0,317839980125427	0,0750467032194138
758,019	0,246685415506363	9,39575329539366E-7
759,016	-0,284494608640671	0,150092452764511
760,016	0,232243955135345	0,0375238209962845
761,005	-0,27613776922226	0,0750467032194138
762,004	-0,272324353456497	0,112569577991962
763,005	0,241979941725731	0,0750467032194138
764,001	-0,244252517819405	0,0750467032194138
764,997	-0,258937001228333	0,112569577991962
765,994	-0,247172802686691	0,150092452764511
766,999	0,239870741963387	0,0375238209962845
767,995	0,239464685320854	0,0750467032194138
768,99	0,214962184429169	0,0375238209962845
769,985	0,234515175223351	0,0375238209962845
770,981	0,2261593490839	0,112569577991962
771,984	0,236706420779228	0,0375238209962845
772,98	0,237842544913292	9,39575329539366E-7
773,972	0,240924820303917	-0,0375219397246838
774,971	0,234840214252472	9,39575329539366E-7
775,968	0,240924820303917	0,0750467032194138
776,97	0,232974022626877	0,0750467032194138
777,963	0,237517490983009	9,39575329539366E-7
778,968	-0,403516709804535	0,0375238209962845
779,961	0,229160636663437	-0,0375219397246838
780,954	0,224455162882805	0,112569577991962
781,959	-0,369846284389496	0,112569577991962
782,955	-0,371550470590591	0,0750467032194138
783,952	-0,332362443208694	0,0750467032194138
784,949	-0,313134521245956	0,0375238209962845
785,942	0,166526287794113	-0,0375219397246838
786,937	0,162387832999229	0,0750467032194138
787,941	-0,185592532157898	-0,0750448182225227
788,938	-0,12961083650589	0,0375238209962845
789,936	-0,0807688906788826	9,39575329539366E-7
790,929	0,0681112706661224	-0,0375219397246838
791,934	-0,0378484912216663	9,39575329539366E-7
792,927	0,018863258883357	0,0750467032194138
793,922	0,0202423948794603	9,39575329539366E-7
794,925	0,0741958767175674	9,39575329539366E-7
795,914	-0,00182584894355386	-0,0375219397246838
796,919	0,0918016657233238	0,0750467032194138
797,914	0,0961831137537956	-0,0750448182225227
798,91	0,0482332371175289	0,0750467032194138
799,904	0,0741148740053177	-0,0375219397246838
800,901	0,0620266683399677	0,0750467032194138
801,116	-0,100807890295982	-0,0750448182225227
801,906	0,0578882247209549	-50,1733818054199
802,903	-0,115331389009953	-50,0983352661133
803,898	0,0434467643499374	-50,1358604431152
804,891	0,0665701329708099	-49,985767364502
805,889	0,0738718658685684	-50,1358604431152
806,894	-0,0853933542966843	-50,0608139038086
807,888	0,0982113182544708	-50,2109069824219
808,884	0,0935868546366692	-50,0983352661133
809,886	-0,0921270251274109	-50,2109069824219
810,875	0,0775222107768059	-50,0983352661133
811,88	-0,092614084482193	-50,2109069824219
812,876	-0,0816609635949135	-50,0608139038086
813,872	-0,0577265247702599	-50,0608139038086
814,872	-0,0920460224151611	-50,0608139038086
815,862	0,124499008059502	-50,2109069824219
816,859	0,114437967538834	-50,0608139038086
817,859	-0,0999158173799515	-50,0608139038086
818,858	-0,100807890295982	-49,985767364502
819,851	0,194192066788673	-50,1358604431152
820,851	-0,102025017142296	-50,2109069824219
821,855	-0,112735129892826	-50,2484283447266
822,85	-0,106649488210678	-50,1358604431152
823,845	-0,0824720337986946	-50,1358604431152
824,846	-0,123039178550243	-50,1358604431152
825,836	-0,114438273012638	-50,0608139038086
826,833	-0,122795127332211	-50,0608139038086
827,838	-0,118900738656521	-50,1358604431152
828,833	-0,139508843421936	-50,1358604431152
829,83	-0,124012261629105	-50,2109069824219
830,822	-0,132369115948677	-49,9477653503418
831,828	0,291227966547012	-50,0983352661133
832,823	-0,122633121907711	-50,0232925415039
833,819	-0,116548523306847	-50,1733818054199
834,815	-0,11776565015316	-49,985767364502
835,811	-0,126365512609482	-50,1358604431152
836,808	-0,130259916186333	-50,0608139038086
837,811	0,241005823016167	-50,0983352661133
838,809	0,243602097034454	-50,0983352661133
839,8	-0,139102786779404	-50,0232925415039
840,797	-0,149163827300072	-49,985767364502
841,802	0,235327273607254	-49,9477653503418
842,795	0,179344564676285	-50,1358604431152
843,792	0,237111434340477	-50,0983352661133
844,794	0,214881181716919	-50,0608139038086
845,783	-0,210906103253365	-50,1358604431152
846,78	-0,187052667140961	-49,9102401733398
847,784	0,220803782343864	-50,0983352661133
848,781	0,210013702511787	-50,0232925415039
849,778	0,202061861753464	-50,0983352661133
850,769	-0,289849132299423	-49,985767364502
851,766	0,201899856328964	-50,0232925415039
852,769	0,224861219525337	-50,0983352661133
853,765	0,219911709427834	-49,985767364502
854,76	0,239383682608604	-50,0608139038086
855,757	0,239302679896355	-49,985767364502
856,761	0,227538481354713	-49,8351936340332
857,758	-0,442054599523544	-49,985767364502
858,754	0,252121984958649	-50,0608139038086
859,754	-0,462500691413879	-50,0608139038086
860,744	0,232893019914627	-50,1358604431152
861,741	0,239058628678322	-50,0608139038086
862,744	-0,421933561563492	-50,0608139038086
863,741	-0,411224484443665	-49,985767364502
864,735	0,220966830849648	-50,0608139038086
865,73	0,182914942502975	-50,2109069824219
866,728	0,198411524295807	-50,2109069824219
867,73	-0,330496251583099	-50,1358604431152
868,728	-0,310700267553329	-50,0608139038086
869,724	-0,287901937961578	-50,0608139038086
870,718	0,195815250277519	-49,985767364502
871,723	-0,246199712157249	-50,0608139038086
872,719	-0,193138316273689	-50,0608139038086
873,713	-0,130989983677864	-49,985767364502
874,708	-0,0750892981886864	-50,0983352661133
875,704	0,107379242777824	-50,0608139038086
876,71	0,0251919124275446	-50,1358604431152
877,704	0,056915145367384	-50,0608139038086
878,7	0,0805245265364647	-50,0608139038086
879,7	0,16214482486248	-50,1358604431152
880,693	0,178371474146843	-50,0608139038086
881,697	-0,108110658824444	-50,1358604431152
882,692	0,268266588449478	-50,2109069824219
883,686	0,298123627901077	-50,0608139038086
884,681	0,337879717350006	-50,1358604431152
885,68	0,332687169313431	-50,0983352661133
886,684	-0,138616770505905	-50,1358604431152
887,679	-0,147054627537727	-50,1358604431152
888,677	-0,165228471159935	-50,0608139038086
889,675	-0,20474049448967	-49,985767364502
890,665	0,258530616760254	-50,2109069824219
891,671	-0,282222360372543	-49,9102401733398
892,668	-0,352970540523529	-50,0608139038086
893,661	-0,400109350681305	-50,0983352661133
894,656	0,238896623253822	-50,0232925415039
895,652	0,243359073996544	-49,985767364502
896,658	-0,453251779079437	-49,9477653503418
897,652	-0,406519025564194	-50,0608139038086
898,649	-0,303803533315659	-50,0608139038086
899,643	-0,201657176017761	-50,0983352661133
900,237	0,107298240065575	-50,1733818054199
900,641	-0,197113707661629	-100,159149169922
901,636	0,0131836719810963	-100,234199523926
902,638	0,167580366134644	-100,234199523926
903,637	0,235651299357414	-100,159149169922
904,636	0,315892457962036	-100,121147155762
905,626	0,329846858978271	-100,121147155762
906,631	-0,15549248456955	-100,121147155762
907,627	0,288225650787354	-100,159149169922
908,62	0,267050504684448	-100,121147155762
909,623	-0,292120367288589	-100,083625793457
910,614	0,239302679896355	-100,121147155762
911,611	0,264210194349289	-100,121147155762
912,612	0,249768733978271	-100,196670532227
913,607	0,238247558474541	-100,046104431152
914,603	0,214232116937637	-100,159149169922
915,601	0,182508885860443	-100,234199523926
916,598	0,121009632945061	-100,234199523926
917,601	0,0581322722136974	-100,159149169922
918,598	0,171150743961334	-100,196670532227
919,59	-0,0556173212826252	-100,121147155762
920,587	-0,113059140741825	-100,159149169922
921,592	0,330658972263336	-100,159149169922
922,586	0,308590739965439	-100,121147155762
923,583	0,292445093393326	-100,046104431152
924,579	0,279300719499588	-100,046104431152
925,574	-0,179345920681953	-100,046104431152
926,579	0,239140674471855	-100,159149169922
927,573	0,239870741963387	-100,083625793457
928,57	0,237679496407509	-100,234199523926
929,566	0,234921216964722	-100,159149169922
930,562	0,239626690745354	-100,159149169922
931,558	0,229079633951187	-100,046104431152
932,563	0,24214194715023	-100,159149169922
933,555	0,247821539640427	-100,083625793457
934,554	0,224698171019554	-100,121147155762
935,547	0,210662767291069	-100,159149169922
936,552	-0,329685181379318	-100,234199523926
937,546	0,206200316548347	-100,27172088623
938,542	0,178533479571342	-100,159149169922
939,537	0,157276317477226	-100,234199523926
940,534	0,140238597989082	-100,234199523926
941,539	-0,0155372377485037	-100,159149169922
942,533	0,0551299527287483	-100,159149169922
943,531	0,110706619918346	-100,234199523926
944,527	0,0246238503605127	-100,234199523926
945,523	-0,00515218218788505	-100,234199523926
946,525	0,250174790620804	-100,196670532227
947,521	0,271836996078491	-100,046104431152
948,518	0,293256163597107	-100,121147155762
949,512	-0,0900988206267357	-100,121147155762
950,509	-0,110057860612869	-100,121147155762
951,513	0,332038104534149	-100,121147155762
952,509	0,331063985824585	-100,121147155762
953,503	0,332606166601181	-100,008575439453
954,504	0,324573338031769	-100,121147155762
955,494	-0,13269416987896	-100,159149169922
956,5	0,305182367563248	-100,046104431152
957,496	0,295365363359451	-100,121147155762
958,492	0,283033102750778	-100,121147155762
959,488	0,266644448041916	-100,083625793457
960,481	0,2601538002491	-100,046104431152
961,486	-0,287252873182297	-100,083625793457
962,483	-0,317109912633896	-100,046104431152
963,477	0,251066863536835	-100,121147155762
964,47	0,251472920179367	-100,083625793457
965,469	0,269970774650574	-100,234199523926
966,465	0,229160636663437	-100,159149169922
967,47	-0,0867724865674973	-100,196670532227
968,465	-0,0980496183037758	-100,046104431152
969,46	0,0645408928394318	-100,083625793457
970,455	0,0622696802020073	-100,008575439453
971,46	-0,0996728017926216	-100,008575439453
972,455	-0,106082461774349	-100,046104431152
973,452	-0,105919413268566	-100,008575439453
974,45	-0,097644604742527	-100,046104431152
975,442	0,0485582910478115	-100,046104431152
976,448	-0,0967514887452126	-100,083625793457
977,442	-0,0699777752161026	-100,046104431152
978,438	-0,0637301281094551	-100,083625793457
979,431	0,0240557864308357	-100,083625793457
980,43	-0,0499377325177193	-100,046104431152
981,433	-0,0488016083836555	-100,008575439453
982,43	-0,0389036126434803	-100,083625793457
983,424	-0,042554996907711	-100,046104431152
984,425	-0,013102981261909	-100,046104431152
985,416	0,00231155729852617	-100,121147155762
986,42	0,0054758838377893	-100,046104431152
987,416	0,0200803875923157	-100,083625793457
988,413	0,0199993848800659	-100,008575439453
989,408	0,0380922295153141	-99,9710540771484
990,403	0,0457179769873619	-100,046104431152
991,409	-0,0257602874189615	-100,046104431152
992,404	-0,0282755475491285	-100,046104431152
993,4	-0,0318448916077614	-100,046104431152
994,394	0,0767111405730247	-100,046104431152
995,39	0,0675432085990906	-100,121147155762
996,388	0,0672191977500916	-100,121147155762
997,391	-0,0570774599909782	-100,083625793457
998,387	-0,0608098469674587	-100,083625793457
999,381	0,0548869445919991	-100,083625793457
1000,378	0,052290678024292	-100,121147155762
1000,83	0,0215405263006687	-100,083625793457
1001,381	-0,191678181290627	-150,144439697266
1002,378	-0,130583927035332	-150,106918334961
1003,371	-0,0804438367486	-150,144439697266
1004,373	-0,0391466207802296	-150,144439697266
1005,365	-0,0692477077245712	-150,18196105957
1006,362	-0,054643202573061	-150,219482421875
1007,366	-0,0389846153557301	-150,144439697266
1008,36	0,00539488019421697	-150,144439697266
1009,357	0,0324936434626579	-150,144439697266
1010,35	0,0116425296291709	-150,144439697266
1011,356	0,0515595711767673	-150,219482421875
1012,35	0,0585372895002365	-150,144439697266
1013,347	0,062350682914257	-150,18196105957
1014,341	0,0632427558302879	-150,18196105957
1015,337	0,0631617531180382	-150,144439697266
1016,343	-0,0604037940502167	-150,219482421875
1017,339	-0,0695717185735703	-150,106918334961
1018,335	0,0475841723382473	-150,144439697266
1019,331	0,0396333746612072	-150,144439697266
1020,324	0,0349279046058655	-150,144439697266
1021,33	-0,0708698555827141	-150,144439697266
1022,326	-0,0579695366322994	-150,144439697266
1023,322	-0,032493956387043	-150,18196105957
1024,314	0,00742308190092444	-150,18196105957
1025,312	0,00174453319050372	-150,144439697266
1026,315	0,0432847589254379	-150,106918334961
1027,31	0,0532637573778629	-150,144439697266
1028,306	0,0643788874149323	-150,106918334961
1029,302	0,0651089549064636	-150,144439697266
1030,298	-0,0403637513518333	-150,106918334961
1031,304	0,0575642101466656	-150,18196105957
1032,299	0,052208635956049	-150,18196105957
1033,292	0,0486392937600613	-150,18196105957
1034,296	0,0423916429281235	-150,144439697266
1035,284	0,0353329218924046	-150,144439697266
1036,29	0,0306274499744177	-150,144439697266
1037,284	0,0246238503605127	-150,144439697266
1038,282	0,0170780681073666	-150,144439697266
1039,28	0,00531387701630592	-150,144439697266
1040,273	-0,000770727347116917	-150,18196105957
1041,269	-0,0126169603317976	-150,219482421875
1042,274	0,0565090887248516	-150,144439697266
1043,266	-0,0285185575485229	-150,144439697266
1044,26	-0,0365503579378128	-150,144439697266
1045,26	-0,0412568636238575	-150,106918334961
1046,264	0,0531827546656132	-150,18196105957
1047,26	0,0468541011214256	-150,144439697266
1048,256	0,0419866256415844	-150,18196105957
1049,256	0,0396333746612072	-150,144439697266
1050,246	-0,0689226537942886	-150,106918334961
1051,251	0,0421486347913742	-150,144439697266
1052,246	0,0293293185532093	-150,144439697266
1053,243	0,00539488019421697	-150,106918334961
1054,236	0,00450280401855707	-150,144439697266
1055,233	0,0303034372627735	-150,144439697266
1056,238	-0,023002015426755	-150,144439697266
1057,234	-0,0289246141910553	-150,144439697266
1058,23	-0,0311958249658346	-150,106918334961
1059,223	-0,0427170023322105	-150,106918334961
1060,22	-0,047179464250803	-150,144439697266
1061,217	-0,0467734076082706	-150,144439697266
1062,22	-0,0624319948256016	-150,144439697266
1063,216	-0,0564283952116966	-150,18196105957
1064,21	-0,0798757746815681	-150,106918334961
1065,207	-0,0820670202374458	-150,144439697266
1066,204	-0,0838511735200882	-150,18196105957
1067,21	0,0266520511358976	-150,144439697266
1068,204	-0,075738362967968	-150,106918334961
1069,203	0,0199993848800659	-150,144439697266
1070,195	-0,0349282138049603	-150,144439697266
1071,198	-0,0112367868423462	-150,106918334961
1072,194	-0,0333050303161144	-150,18196105957
1073,194	-0,0179714951664209	-150,18196105957
1074,183	0,0560220293700695	-150,144439697266
1075,18	0,0664880871772766	-150,106918334961
1076,187	-0,0388226099312305	-150,144439697266
1077,182	-0,0532640665769577	-150,106918334961
1078,178	-0,0513168685138226	-150,144439697266
1079,177	-0,0630810633301735	-150,144439697266
1080,166	0,059430405497551	-150,144439697266
1081,172	-0,0824720337986946	-150,144439697266
1082,168	-0,0896927639842033	-150,144439697266
1083,161	-0,0909098908305168	-150,144439697266
1084,156	-0,0808498933911324	-150,144439697266
1085,153	0,0284372419118881	-150,106918334961
1086,15	0,0200803875923157	-150,144439697266
1087,156	-0,032493956387043	-150,106918334961
1088,147	-0,00677536660805345	-150,106918334961
1089,144	0,00969533156603575	-150,144439697266
1090,141	0,0363070406019688	-150,219482421875
1091,145	0,0602414757013321	-150,144439697266
1092,142	0,0636488124728203	-150,144439697266
1093,136	0,0728167444467545	-150,144439697266
1094,133	0,0788203403353691	-150,18196105957
1095,129	0,0730607882142067	-150,18196105957
1096,134	-0,058213584125042	-150,144439697266
1097,127	-0,0664073899388313	-150,144439697266
1098,123	0,054804902523756	-150,144439697266
1099,125	-0,0789026916027069	-150,144439697266
1100,115	0,0460430309176445	-150,144439697266
1100,759	-0,042554996907711	-150,144439697266
1101,113	-0,11792765557766	-200,129730224609
1102,114	-0,130746975541115	-200,054672241211
1103,114	-0,106082461774349	-200,092208862305
1104,106	0,0032046721316874	-200,054672241211
1105,102	-0,00726138707250357	-200,054672241211
1106,098	-0,00766744278371334	-200,129730224609
1107,101	-0,00563924154266715	-200,017150878906
1108,098	0,0273011177778244	-200,054672241211
1109,1	0,0574832074344158	-200,129730224609
1110,088	-0,0290056169033051	-200,017150878906
1111,086	-0,0342791453003883	-200,167251586914
1112,088	0,0660020709037781	-200,092208862305
1113,09	-0,0567534454166889	-200,017150878906
1114,084	0,0589433461427689	-200,054672241211
1115,074	0,0551299527287483	-200,092208862305
1116,08	0,0475841723382473	-200,092208862305
1117,07	0,043689776211977	-200,092208862305
1118,074	0,0373621620237827	-200,017150878906
1119,07	0,0328997001051903	-200,054672241211
1120,064	0,0266520511358976	-200,054672241211
1121,059	0,0247858557850122	-200,054672241211
1122,064	-0,0602417849004269	-200,129730224609
1123,059	0,0118855405598879	-200,129730224609
1124,054	0,00807214807718992	-200,054672241211
1125,05	4,03455378545914E-5	-200,129730224609
1126,055	0,0248668603599072	-200,092208862305
1127,051	0,0388223007321358	-200,017150878906
1128,043	-0,0174034330993891	-200,092208862305
1129,04	-0,0228389706462622	-200,092208862305
1130,037	-0,0276264809072018	-200,092208862305
1131,042	0,0689223483204842	-200,129730224609
1132,036	0,0679492652416229	-200,167251586914
1133,034	0,0647039338946342	-200,092208862305
1134,031	0,0616206116974354	-200,092208862305
1135,024	0,0578882247209549	-200,092208862305
1136,02	-0,0648662522435188	-200,054672241211
1137,02	0,0466920956969261	-200,054672241211
1138,02	0,0404444448649883	-200,017150878906
1139,012	0,0363070406019688	-200,054672241211
1140,01	0,0297353733330965	-200,017150878906
1141,006	0,0255159251391888	-200,017150878906
1142,011	0,0205674469470978	-200,054672241211
1143,004	0,0147258527576923	-200,167251586914
1144,005	0,00628799526020885	-200,054672241211
1144,996	0,00223055388778448	-200,054672241211
1145,993	-0,00993865448981524	-200,092208862305
1146,996	-0,00977664813399315	-200,017150878906
1147,993	-0,0260032974183559	-200,092208862305
1148,987	-0,0311148222535849	-200,017150878906
1149,982	-0,0406888015568256	-200,092208862305
1150,989	0,069815456867218	-200,017150878906
1151,982	0,0660020709037781	-200,017150878906
1152,978	-0,0545621998608112	-200,017150878906
1153,972	-0,0652723088860512	-200,129730224609
1154,971	-0,0761433839797974	-200,054672241211
1155,967	-0,0835271552205086	-199,942108154297
1156,969	0,0337917767465115	-200,129730224609
1157,968	0,029491325840354	-200,092208862305
1158,961	0,0244618430733681	-200,017150878906
1159,959	0,019836338236928	-200,092208862305
1160,962	0,0145628079771996	-200,017150878906
1161,957	0,000527404656168073	-200,129730224609
1162,955	0,00214955047704279	-200,092208862305
1163,954	-0,0048281685449183	-200,129730224609
1164,945	-0,00450311647728086	-200,092208862305
1165,941	-0,0161863043904305	-200,092208862305
1166,946	-0,015943294391036	-200,129730224609
1167,94	-0,0251922253519297	-200,092208862305
1168,938	-0,0253542307764292	-200,129730224609
1169,932	-0,0332240276038647	-200,092208862305
1170,928	-0,0389846153557301	-200,129730224609
1171,931	-0,0436900854110718	-200,092208862305
1172,928	-0,0498567298054695	-200,092208862305
1173,928	0,0578882247209549	-200,092208862305
1174,917	-0,0569964572787285	-200,054672241211
1175,915	-0,0642171874642372	-200,054672241211
1176,918	0,0473411604762077	-200,017150878906
1177,914	-0,0726550444960594	-200,054672241211
1178,909	-0,0782536268234253	-200,017150878906
1179,906	-0,0760623812675476	-200,092208862305
1180,911	0,0402824394404888	-200,092208862305
1181,907	0,0397953800857067	-200,017150878906
1182,902	0,0251109078526497	-200,017150878906
1183,897	0,0330617092549801	-200,054672241211
1184,894	0,0293293185532093	-200,017150878906
1185,896	0,0317635759711266	-200,017150878906
1186,891	0,0308714993298054	-200,054672241211
1187,888	0,0374431647360325	-200,167251586914
1188,882	0,0309525020420551	-200,092208862305
1189,878	-0,0848252922296524	-200,017150878906
1190,884	0,0234067216515541	-200,017150878906
1191,878	0,0220275856554508	-200,054672241211
1192,871	0,0247858557850122	-200,092208862305
1193,869	0,0251109078526497	-199,942108154297
1194,865	0,0263280365616083	-200,129730224609
1195,871	-0,0492886677384377	-200,092208862305
1196,866	0,0182951968163252	-200,092208862305
1197,86	0,0181331895291805	-200,092208862305
1198,86	0,021459523588419	-200,054672241211
1199,854	0,0179711822420359	-200,054672241211
1200,813	0,0337107740342617	-200,054672241211
1200,857	-0,568541407585144	-250,190536499023
1201,854	-0,073304109275341	-250,190536499023
1202,846	-0,0287615675479174	-250,190536499023
1203,841	-0,0223529506474733	-250,153015136719
1204,84	-0,0175654403865337	-250,115005493164
1205,836	-0,00572024472057819	-250,265579223633
1206,839	0,0200803875923157	-250,153015136719
1207,835	0,0432847589254379	-250,265579223633
1208,83	-0,0192696265876293	-250,190536499023
1209,827	-0,0298976935446262	-250,265579223633
1210,831	0,0500994324684143	-250,153015136719
1211,825	0,0553729645907879	-250,190536499023
1212,82	0,0477472171187401	-250,228057861328
1213,815	-0,0309528149664402	-250,228057861328
1214,813	0,0626757368445396	-250,153015136719
1215,819	0,0608095414936543	-250,153015136719
1216,814	0,0649469494819641	-250,153015136719
1217,812	0,0721676722168922	-250,228057861328
1218,81	0,0681112706661224	-250,153015136719
1219,8	0,0629997476935387	-250,190536499023
1220,797	0,0737908631563187	-250,190536499023
1221,802	0,0714376047253609	-250,190536499023
1222,793	0,0723296850919724	-250,190536499023
1223,791	0,0723296850919724	-250,190536499023
1224,786	0,0724927261471748	-250,190536499023
1225,793	-0,0527770072221756	-250,265579223633
1226,788	-0,0573204681277275	-250,190536499023
1227,779	0,0767921432852745	-250,190536499023
1228,782	-0,0605657994747162	-250,190536499023
1229,774	0,0752509981393814	-250,190536499023
1230,78	-0,0600797794759274	-250,115005493164
1231,775	-0,0603227876126766	-250,190536499023
1232,774	-0,063244104385376	-250,153015136719
1233,77	-0,0651092603802681	-250,228057861328
1234,762	0,07054553180933	-250,265579223633
1235,767	-0,068273589015007	-250,190536499023
1236,763	-0,0662453845143318	-250,153015136719
1237,756	-0,0742782279849052	-250,153015136719
1238,757	-0,076792448759079	-250,190536499023
1239,748	0,0663260817527771	-250,190536499023
1240,749	-0,0833651497960091	-250,190536499023
1241,748	-0,0857173651456833	-250,190536499023
1242,745	-0,0900988206267357	-250,115005493164
1243,739	-0,0993477553129196	-250,153015136719
1244,735	-0,095372349023819	-250,077484130859
1245,731	-0,0974005535244942	-250,190536499023
1246,736	-0,101213946938515	-250,153015136719
1247,732	-0,104702286422253	-250,190536499023
1248,733	0,0285992491990328	-250,228057861328
1249,722	-0,109164744615555	-250,115005493164
1250,72	-0,101051941514015	-250,265579223633
1251,721	-0,102431073784828	-250,153015136719
1252,717	-0,0949662998318672	-250,228057861328
1253,713	-0,0878265723586082	-250,115005493164
1254,711	-0,0842572301626205	-250,190536499023
1255,706	-0,0737911686301231	-250,153015136719
1256,704	-0,0622699856758118	-250,265579223633
1257,704	-0,0482335463166237	-250,153015136719
1258,705	0,0054758838377893	-250,190536499023
1259,696	-0,0181335024535656	-250,265579223633
1260,699	-0,003692043479532	-250,190536499023
1261,694	-0,00263692182488739	-250,190536499023
1262,691	-0,0157802477478981	-250,190536499023
1263,689	-0,021946894004941	-250,190536499023
1264,682	0,0438528209924698	-250,190536499023
1265,686	-0,0247051659971476	-250,153015136719
1266,681	-0,0288436096161604	-250,115005493164
1267,677	-0,0367944054305553	-250,228057861328
1268,68	-0,0405267961323261	-250,153015136719
1269,669	-0,0491266623139381	-250,190536499023
1270,666	-0,0547242052853107	-250,115005493164
1271,67	-0,0622699856758118	-250,153015136719
1272,665	-0,0703838318586349	-250,115005493164
1273,665	-0,0831210985779762	-250,190536499023
1274,656	-0,0901798233389854	-250,115005493164
1275,652	-0,0985366776585579	-250,190536499023
1276,654	-0,104378275573254	-250,190536499023
1277,653	-0,10291813313961	-250,190536499023
1278,644	-0,0878265723586082	-250,115005493164
1279,643	-0,0832831114530563	-250,153015136719
1280,64	-0,0616209208965302	-250,228057861328
1281,644	0,00588193954899907	-250,265579223633
1282,638	-0,00198785588145256	-250,190536499023
1283,635	0,0268140584230423	-250,265579223633
1284,631	0,0625126883387566	-250,190536499023
1285,628	0,0770361870527267	-250,265579223633
1286,629	-0,0500997416675091	-250,153015136719
1287,626	-0,0610528588294983	-250,190536499023
1288,62	0,0736278146505356	-250,265579223633
1289,618	-0,0891247019171715	-250,115005493164
1290,622	-0,0984556749463081	-250,153015136719
1291,616	-0,105676405131817	-250,153015136719
1292,611	-0,101375952363014	-250,190536499023
1293,611	-0,0931821465492249	-250,190536499023
1294,604	-0,0691667050123215	-250,228057861328
1295,6	0,0192693155258894	-250,153015136719
1296,604	-0,0204867552965879	-250,153015136719
1297,598	0,00636899843811989	-250,190536499023
1298,592	0,0311145093291998	-250,228057861328
1299,59	0,0566710941493511	-250,190536499023
1300,058	-0,07646843791008	-250,228057861328
1300,588	-0,0463683903217316	-300,326385498047
1301,591	0,0260029844939709	-300,250885009766
1302,584	0,0483962818980217	-300,138305664063
1302,824	0,03103350661695	-300,138305664063
1303,587	-0,17926387488842	-350,274169921875
1304,579	0,00815315078943968	-350,161102294922
1305,582	-0,136588573455811	-350,161102294922
1306,579	-0,140644967556	-350,086059570313
1307,574	-0,139995902776718	-350,236633300781
1308,575	-0,131477043032646	-350,086059570313
1309,565	0,00815315078943968	-350,236633300781
1310,561	0,000283355853753164	-350,236633300781
1311,564	-0,112816132605076	-350,198638916016
1312,558	-0,0028809707146138	-350,349212646484
1313,555	-0,00417910283431411	-350,236633300781
1314,553	-0,0256792828440666	-350,161102294922
1315,549	-0,0324129536747932	-350,274169921875
1316,554	0,0245428457856178	-350,236633300781
1317,543	-0,038579598069191	-350,236633300781
1318,54	-0,0612969063222408	-350,236633300781
1319,538	-0,0715999230742455	-350,123596191406
1320,543	0,0646229311823845	-350,236633300781
1321,539	0,0500994324684143	-350,274169921875
1322,532	0,0363070406019688	-350,236633300781
1323,535	0,0210534669458866	-350,161102294922
1324,524	0,0122105926275253	-350,236633300781
1325,53	-0,122876137495041	-350,198638916016
1326,526	0,00223055388778448	-350,274169921875
1327,521	0,00961432885378599	-350,198638916016
1328,518	0,00498986290767789	-350,236633300781
1329,511	-0,00174484553281218	-350,161102294922
1330,509	-0,0137520469725132	-350,236633300781
1331,513	0,0794694051146507	-350,236633300781
1332,509	0,0849059820175171	-350,349212646484
1333,508	0,0819036662578583	-350,123596191406
1334,498	-0,0804438367486	-350,161102294922
1335,495	-0,093993216753006	-350,349212646484
1336,499	0,042229637503624	-350,236633300781
1337,494	0,029573367908597	-350,236633300781
1338,489	-0,152815222740173	-350,123596191406
1339,486	-0,134559318423271	-350,198638916016
1340,491	0,00726107461377978	-350,236633300781
1341,487	0,012129588983953	-350,086059570313
1342,477	-0,0683545917272568	-350,123596191406
1343,476	-0,00864052306860685	-350,198638916016
1344,472	0,0191872734576464	-350,123596191406
1345,476	-0,0316828861832619	-350,274169921875
1346,473	-0,0355772785842419	-350,311676025391
1347,469	-0,0809308961033821	-350,161102294922
1348,464	-0,0781726241111755	-350,198638916016
1349,458	-0,0923700332641602	-350,048553466797
1350,458	-0,108272671699524	-350,274169921875
1351,46	-0,120442919433117	-350,086059570313
1352,454	-0,128717735409737	-350,274169921875
1353,449	-0,123931258916855	-350,236633300781
1354,447	-0,109408795833588	-350,274169921875
1355,443	-0,0956974029541016	-350,236633300781
1356,447	-0,00499017536640167	-350,274169921875
1357,443	-0,022514957934618	-350,086059570313
1358,442	-0,0192696265876293	-350,236633300781
1359,433	0,0457179769873619	-350,161102294922
1360,434	0,0633248016238213	-350,161102294922
1361,435	-0,0401207394897938	-350,123596191406
1362,429	-0,0474224723875523	-350,161102294922
1363,422	0,0952910408377647	-350,311676025391
1364,421	0,0953720435500145	-350,161102294922
1365,417	0,0944799706339836	-350,311676025391
1366,419	-0,0813359096646309	-350,161102294922
1367,412	0,0817416608333588	-350,161102294922
1368,416	-0,101051941514015	-350,086059570313
1369,408	-0,11103093624115	-350,311676025391
1370,413	-0,115250386297703	-350,161102294922
1371,408	-0,12174104899168	-350,236633300781
1372,402	-0,126365512609482	-350,161102294922
1373,398	-0,13374824821949	-350,198638916016
1374,395	-0,133505240082741	-350,161102294922
1375,399	-0,135776445269585	-350,198638916016
1376,397	-0,131151989102364	-350,161102294922
1377,392	-0,140806972980499	-350,123596191406
1378,384	-0,126121461391449	-350,236633300781
1379,383	-0,124580323696136	-350,236633300781
1380,378	-0,107704609632492	-350,161102294922
1381,381	-0,106568478047848	-350,236633300781
1382,376	-0,0940742194652557	-350,236633300781
1383,372	-0,10308013856411	-350,274169921875
1384,367	-0,088962696492672	-350,236633300781
1385,373	0,00401574512943625	-350,198638916016
1386,368	0,0132646756246686	-350,161102294922
1387,366	0,00377273466438055	-350,274169921875
1388,362	-0,00442211283370852	-350,161102294922
1389,354	-0,0801198184490204	-350,198638916016
1390,358	0,00336667895317078	-350,123596191406
1391,354	-0,0015007967595011	-350,236633300781
1392,347	-0,0792267099022865	-350,161102294922
1393,343	-0,0656773224473	-350,236633300781
1394,341	-0,0817419663071632	-350,236633300781
1395,338	-0,0772795081138611	-350,161102294922
1396,342	0,00653100525960326	-350,236633300781
1397,339	-0,000608720467425883	-350,198638916016
1398,338	0,000932421826291829	-350,311676025391
1399,329	0,00799114443361759	-350,161102294922
1400,324	-0,0540751405060291	-350,086059570313
1400,73	0,00360968918539584	-350,161102294922
1401,329	0,776242315769196	0,150092452764511
1402,326	0,335851490497589	0,0375238209962845
1403,319	0,209201589226723	0,150092452764511
1404,315	0,144294992089272	0,150092452764511
1405,321	0,135289087891579	9,39575329539366E-7
1406,319	0,118089355528355	0,0750467032194138
1407,309	0,0571581535041332	0,18761533498764
1408,306	0,0505054891109467	0,0750467032194138
1409,303	0,038741298019886	0,150092452764511
1410,299	0,0333857201039791	0,0750467032194138
1411,302	0,125391080975533	0,18761533498764
1412,299	0,119630493223667	0,112569577991962
1413,293	0,0241367910057306	0,150092452764511
1414,29	-0,0148881720378995	9,39575329539366E-7
1415,295	0,131638735532761	0,0750467032194138
1416,283	0,00466481084004045	-0,0375219397246838
1417,284	0,133828938007355	-0,0750448182225227
1418,286	0,136263191699982	-0,0750448182225227
1419,277	0,00563892908394337	0,112569577991962
1420,273	-0,0015007967595011	-0,0750448182225227
1421,277	0,137399315834045	0,0750467032194138
1422,273	0,140238597989082	0,150092452764511
1423,27	0,140238597989082	0,112569577991962
1424,264	0,141212716698647	0,150092452764511
1425,267	0,132287800312042	0,112569577991962
1426,264	0,130015552043915	0,150092452764511
1427,259	0,12798735499382	9,39575329539366E-7
1428,261	-0,0671385005116463	0,0750467032194138
1429,251	0,110543571412563	0,150092452764511
1430,247	0,116142153739929	0,0750467032194138
1431,251	0,114032953977585	0,0750467032194138
1432,247	0,105595096945763	0,0750467032194138
1433,247	-0,103729203343391	0,0750467032194138
1434,238	0,0979683101177216	0,18761533498764
1435,241	-0,127014577388763	0,150092452764511
1436,236	0,0746019333600998	0,18761533498764
1437,233	0,0675432085990906	9,39575329539366E-7
1438,228	0,0581322722136974	0,150092452764511
1439,223	0,0421486347913742	0,0750467032194138
1440,22	0,047260157763958	0,18761533498764
1441,222	-0,0998348146677017	0,112569577991962
1442,217	0,0471791550517082	0,150092452764511
1443,215	0,0434467643499374	0,0750467032194138
1444,211	0,0477472171187401	0,150092452764511
1445,207	0,0348469018936157	0,0750467032194138
1446,209	0,06372981518507	9,39575329539366E-7
1447,206	0,0969941914081573	0,112569577991962
1448,2	0,00864021014422178	0,0750467032194138
1449,197	0,104865022003651	0,0750467032194138
1450,202	0,140076592564583	0,0750467032194138
1451,197	0,131476730108261	0,150092452764511
1452,191	0,11313983798027	0,150092452764511
1453,191	0,0978873074054718	0,0750467032194138
1454,184	0,0792263969779015	0,150092452764511
1455,18	0,0671371519565582	0,0750467032194138
1456,18	0,0490453504025936	9,39575329539366E-7
1457,178	0,0483142398297787	0,0750467032194138
1458,175	0,0394713655114174	9,39575329539366E-7
1459,172	0,0276261698454618	0,112569577991962
1460,168	0,0319255813956261	9,39575329539366E-7
1461,172	-0,040039736777544	0,18761533498764
1462,17	0,00214955047704279	0,0375238209962845
1463,163	0,0273011177778244	0,150092452764511
1464,159	0,0202423948794603	0,0750467032194138
1465,163	0,104458965361118	0,0750467032194138
1466,158	0,126121163368225	9,39575329539366E-7
1467,154	0,142834857106209	0,112569577991962
1468,148	-0,0287615675479174	0,150092452764511
1469,144	-0,0436900854110718	0,0750467032194138
1470,141	-0,0643791928887367	0,18761533498764
1471,144	0,0975622534751892	0,0375238209962845
1472,141	0,0776042491197586	0,0750467032194138
1473,135	-0,124093264341354	0,0375238209962845
1474,132	-0,137561649084091	0,150092452764511
1475,128	-0,14843375980854	0,0750467032194138
1476,131	0,0337107740342617	0,150092452764511
1477,128	0,0357389785349369	9,39575329539366E-7
1478,122	0,030465442687273	0,112569577991962
1479,12	0,0341168306767941	0,112569577991962
1480,124	0,0107494154945016	0,150092452764511
1481,118	0,0341978333890438	0,0375238209962845
1482,112	0,0193503182381392	0,0750467032194138
1483,114	0,0150498664006591	0,0750467032194138
1484,106	0,0130216656252742	0,0750467032194138
1485,103	-0,00336699117906392	0,0750467032194138
1486,105	-0,0218658912926912	0,150092452764511
1487,101	-0,0343601480126381	9,39575329539366E-7
1488,099	-0,0540751405060291	0,0750467032194138
1489,091	-0,0721679851412773	0,112569577991962
1490,098	0,0913156419992447	0,150092452764511
1491,091	-0,112735129892826	0,150092452764511
1492,088	-0,123525202274323	0,0750467032194138
1493,089	0,0500184297561646	0,112569577991962
1494,08	-0,141781091690063	0,0750467032194138
1495,077	-0,151435047388077	0,150092452764511
1496,078	0,0372801199555397	9,39575329539366E-7
1497,078	0,02900530397892	0,150092452764511
1498,071	-0,0917209684848785	0,0750467032194138
1499,067	-0,0657583251595497	0,150092452764511
1500,071	0,0118855405598879	-0,0375219397246838
1501,061	0,0152118736878037	0,0750467032194138
