sec"	"mA"	"mV
0,653    -0,306562840938568    -299,198791503906
2,023    -0,0573204681277275    -288,337341308594
2,996    -0,0235690400004387    -277,851623535156
3,97    -0,00864052306860685    -267,478485107422
4,943    -4,06578983529471E-5    -257,293426513672
5,917    0,0054758838377893    -246,920761108398
6,89    0,00985733885318041    -236,660659790039
7,864    0,0132646756246686    -226,663208007813
8,837    0,0156179293990135    -216,553680419922
9,811    0,0178891401737928    -206,556716918945
10,784    0,0197553355246782    -196,559280395508
11,758    0,0210534669458866    -186,562316894531
12,731    0,0228386577218771    -176,752975463867
13,705    0,024379801005125    -167,094192504883
14,679    0,0250288676470518    -157,247329711914
15,652    0,0257599744945765    -147,475982666016
16,626    0,0265710484236479    -137,666641235352
17,599    0,0274631232023239    -127,970336914063
18,573    0,0286802519112825    -118,461654663086
19,546    0,0288422591984272    -108,652793884277
20,52    0,0296543706208467    -99,1441116333008
21,493    0,0303844399750233    -89,597900390625
22,467    0,0308714993298054    -80,0896987915039
23,44    0,0313575193285942    -70,618537902832
24,414    0,0316825732588768    -61,2604331970215
25,387    0,0321696326136589    -51,8647994995117
26,361    0,0326556526124477    -42,2435455322266
27,334    0,0328186973929405    -32,8099098205566
28,308    0,0332237146794796    -23,7899875640869
29,281    0,0333047173917294    -14,2817840576172
30,255    0,0337107740342617    -5,22433853149414
31,228    0,034034788608551    4,3593897819519
32,228    0,0341978333890438    13,6424541473389
33,228    0,0344408452510834    22,963041305542
34,228    0,0347658954560757    32,5467681884766
35,228    0,035089910030365    41,8673553466797
36,228    0,0353329218924046    51,3385162353516
37,228    0,0357389785349369    60,6966247558594
38,228    0,0360640287399292    70,0547332763672
39,228    0,0362260341644287    79,3753204345703
40,228    0,0363880433142185    88,5453414916992
41,228    0,0367130935192108    97,9039306640625
42,228    0,0370371080935001    107,036422729492
43,228    0,0373621620237827    116,357009887695
44,228    0,0377671793103218    125,52702331543
45,228    0,0380922295153141    134,584945678711
46,228    0,0383352413773537    143,905532836914
47,228    0,038741298019886    153,075546264648
48,228    0,039065308868885    162,095474243164
49,228    0,0392273180186749    171,228454589844
50,228    0,0397953800857067    180,32341003418
51,228    0,0399584248661995    189,305816650391
52,228    0,0404444448649883    198,550872802734
53,228    0,0408505015075207    207,646331787109
54,228    0,04117451608181    216,403106689453
55,228    0,0418235808610916    225,460556030273
56,228    0,0419056229293346    234,480484008789
57,228    0,042229637503624    243,274780273438
58,228    0,0431217141449451    252,294708251953
59,228    0,0435277670621872    261,089477539063
60,226    0,0436087734997272    269,996368408203
61,226    0,0441768355667591    278,828674316406
62,226    0,0446638949215412    287,735534667969
63,225    0,0453129597008228    296,529846191406
64,225    0,0460430309176445    305,474731445313
64,829    0,0251109078526497    304,873413085938
65,829    0,0209724642336369    304,046447753906
67,219    -0,00580124836415052    292,997406005859
68,212    -0,0098576508462429    282,624267578125
69,204    -0,0122109046205878    272,476715087891
70,197    -0,0137520469725132    262,329681396484
71,19    -0,0154562350362539    252,294708251953
72,183    -0,0171604230999947    242,48583984375
73,175    -0,0182955097407103    232,525924682617
74,168    -0,0193506311625242    222,754577636719
75,161    -0,0207297652959824    213,208374023438
76,153    -0,0212978292256594    203,323974609375
77,146    -0,0223529506474733    193,702728271484
78,139    -0,0231640227138996    184,232055664063
79,132    -0,0236510820686817    174,723373413086
80,124    -0,0244621559977531    165,252685546875
81,117    -0,0249492134898901    155,781524658203
82,11    -0,0258412901312113    146,4609375
83,102    -0,026490356773138    136,990264892578
84,095    -0,0269774161279202    127,669677734375
85,088    -0,0273824334144592    118,349090576172
86,081    -0,0278694927692413    109,178588867188
87,073    -0,0285185575485229    99,7454376220703
88,066    -0,0290056169033051    90,6499862670898
89,059    -0,0294106341898441    81,4049301147461
90,051    -0,0296546835452318    72,5350952148438
91,044    -0,0303037483245134    63,2520294189453
92,037    -0,0306277628988028    54,3071517944336
93,029    -0,0309528149664402    45,1371383666992
94,022    -0,0313578322529793    35,8915977478027
95,015    -0,0316018797457218    26,8341503143311
96,008    -0,0316828861832619    17,7391815185547
97    -0,0318448916077614    8,98240089416504
97,993    -0,0323319509625435    0,0750467032194138
98,986    -0,0323319509625435    -8,90735340118408
100,019    -0,0327380076050758    -18,3405094146729
101,053    -0,0329000130295753    -27,7366237640381
102,086    -0,0332240276038647    -36,7565460205078
103,12    -0,0332240276038647    -46,2272262573242
104,154    -0,033549077808857    -55,622859954834
105,187    -0,0334680750966072    -64,7933578491211
106,221    -0,0337920896708965    -73,9633712768555
107,254    -0,0337920896708965    -83,1338653564453
108,288    -0,0340361371636391    -92,4919738769531
109,321    -0,033954095095396    -101,624465942383
110,355    -0,0341171398758888    -110,757438659668
111,389    -0,0342791453003883    -120,19059753418
112,422    -0,0341981425881386    -129,210525512695
113,456    -0,0342791453003883    -138,230438232422
114,489    -0,0345221571624279    -147,363418579102
115,523    -0,0347662046551704    -156,533432006836
116,556    -0,0346852019429207    -165,77897644043
117,59    -0,0346852019429207    -174,685836791992
118,624    -0,0347662046551704    -183,856338500977
119,657    -0,0349282138049603    -192,913787841797
120,69    -0,0351712219417095    -202,084274291992
121,723    -0,0350902192294598    -211,028671264648
122,757    -0,0352522246539593    -220,048599243164
123,79    -0,0355772785842419    -229,219100952148
124,824    -0,0354152731597424    -238,163970947266
125,858    -0,0357392840087414    -247,296463012695
126,891    -0,0358202904462814    -256,241333007813
127,924    -0,0359012931585312    -265,298797607422
128,957    -0,036064337939024    -274,393768310547
129,99    -0,0362263433635235    -283,188537597656
131,024    -0,036469355225563    -292,396087646484
132,057    -0,0366324000060558    -301,340972900391
132,661    -0,015618241392076    -300,363922119141
